44 -118 -1 12 -81 42 68 23 -11 38 -106 55 64 76 -95 88 -61 51 -50 26 123 -46 34 91 67 -10 -3 11 -25 -3 101 88 -119 36 -12 -20 83 94 33 31 -107 -47 -39 37 114 86 -26 -30 -92 55 -123 -16 -41 -70 -85 -52 -58 -68 -53 100 88 61 4 -114 -40 26 50 118 12 77 76 -59 -70 -71 -87 -30 65 -62 -56 -6 102 -3 46 74 -89 -54 106 79 -41 40 -27 7 46 72 95 -6 -40 -34 -21 17 -47 11 13 -28 37 102 115 108 -103 -62 -119 86 -51 -21 -81 -110 -56 24 -33 -42 -119 -101 -50 -106 20 23 110 37
-13 -120 -83 -123 80 -109 -59 -34 115 18 -90 85 69 -98 -120 117 126 -57 -75 71 -49 -121 110 -93 47 -99 57 94 64 -119 62 94 -46 59 6 122 -29 -32 -66 -7 88 39 21 76 49 -4 -120 77 115 2 -93 -10 -99 -125 -66 5 19 66 80 71 19 -116 75 45 14 -69 -57 -98 39 -31 -5 56 -96 93 81 35 65 -65 127 20 -119 77 50 -92 57 -54 17 9 -1 82 85 113 -96 34 -76 66 -97 90 23 5 74 66 -100 -101 116 -56 -89 -22 23 96 -67 -7 35 106 57 -61 126 -7 51 -81 75 -83 -76 70 -14 43 38 60
55 -60 70 -12 -100 88 -17 -73 -94 99 4 17 0 40 29 -94 0 -24 79 -124 36 103 122 -46 -75 -36 -99 30 5 -105 -47 -90 -90 -50 50 28 104 -115 106 -72 116 -30 111 29 -111 113 112 -30 -49 -7 25 113 4 49 -112 103 -23 70 11 46 -86 108 -81 -13 58 53 -120 -36 -97 58 113 28 -8 -45 97 -17 -127 -47 -128 103 -63 117 23 50 103 -17 -22 -103 41 111 -22 -113 -71 -24 -59 120 -93 -71 49 42 -26 -81 -76 39 -9 108 46 43 -117 59 64 -85 46 33 91 -75 -46 92 47 -37 -37 -48 -127 -95 0 119 -84 64
14 105 63 -48 -29 74 26 27 -75 -90 -100 -35 12 -53 -74 -45 -7 -22 120 17 42 -65 86 -119 -44 -80 -56 -16 75 72 -33 34 -60 -111 -122 125 -122 51 -3 117 68 27 -97 -102 -81 -60 -99 39 -1 114 -8 -75 116 -73 19 34 3 20 -53 -87 76 115 75 126 -28 -101 -78 39 52 -92 116 20 104 55 87 -64 -50 -113 -108 -22 15 -92 -32 -9 20 70 5 -7 99 44 18 -66 58 -37 30 31 -105 -69 50 -88 79 42 7 -42 13 11 -63 -100 -11 17 60 44 -43 -73 -123 40 -80 -94 -76 -47 -79 117 -33 -93 -59 38 -63 71
41 -72 -45 -78 35 -106 -105 115 64 69 -28 -34 -33 -36 27 41 69 28 -84 82 -34 -18 -7 -125 -128 33 91 -104 -15 87 -14 31 50 14 3 86 -92 117 -12 44 34 103 25 -104 -80 -29 81 120 -35 -65 121 121 3 -55 81 96 -30 6 121 -9 -86 62 -10 2 77 -125 -115 122 -16 -47 -61 -114 103 -89 87 26 21 -85 -1 -13 73 -32 -64 61 -1 105 -99 -123 -128 -74 -120 -118 10 119 -109 -15 -14 -119 -26 -56 -85 -78 70 122 58 -77 69 -98 -1 13 -124 -36 -105 88 79 -53 59 86 -101 -5 2 112 -28 -98 -7 -103 -52 48
-30 -40 -25 -47 -66 94 -26 97 35 -93 -115 -22 94 -6 -111 107 -5 120 -21 -112 67 39 1 -73 -46 90 -59 49 46 -73 48 16 99 74 -116 17 20 -36 -9 93 81 16 112 -61 -78 74 -53 2 27 21 115 5 -114 -37 46 106 -87 -4 -116 -104 -70 124 80 107 65 -70 -15 19 -92 92 -58 -107 -118 -37 102 109 -42 16 -104 -57 -85 60 13 -47 -24 -77 -27 -126 -117 -24 91 42 -126 59 35 87 -77 1 61 -95 -48 -76 45 37 -96 -72 -31 55 54 -108 -27 87 0 4 -106 -54 -90 -37 69 -61 -109 33 101 -82 46 20 87 -27
-86 54 -91 22 -13 53 5 13 56 68 -91 -123 60 9 -71 -86 104 -23 -75 84 -51 62 43 -34 -98 57 -77 -127 -104 -75 -3 -91 -3 -30 5 45 -126 3 82 17 -125 -66 -97 -59 -34 -96 -88 52 98 44 -75 60 -21 23 89 -55 -115 125 -47 118 -16 119 107 -18 -88 -55 46 -65 -56 -75 16 65 -109 -116 -1 19 -33 50 -26 -27 -56 -113 16 23 26 69 -30 101 66 -103 -1 18 120 -44 16 35 52 96 -101 -71 -61 105 -68 100 108 -37 103 115 -67 -97 -104 46 -114 79 -10 -14 -32 31 126 -14 -124 -67 46 88 67 31 3 122
109 -110 -111 51 11 -24 63 -99 124 83 -92 -52 -42 42 -37 68 77 -115 -43 80 -7 -117 -19 -23 -19 -26 1 -27 -53 19 105 44 56 122 15 97 -112 38 114 -65 24 -52 78 20 29 -109 -81 -48 21 -24 57 97 -18 4 -91 119 -103 64 -55 49 80 37 37 22 60 -61 42 57 -7 -121 96 40 -10 75 -42 0 -11 -76 0 8 61 101 65 116 -45 -74 -124 -69 33 10 92 36 -24 -89 -106 -27 32 67 1 -20 100 -68 -22 30 123 21 -68 27 123 106 16 -7 -7 88 105 -124 -58 21 -38 -8 85 -127 -76 -51 -97 41 -48 55
-115 -94 -127 41 -57 71 57 -55 56 6 -62 -54 24 20 -86 -30 -49 -62 -74 30 -87 24 73 63 -110 73 67 -19 -88 -66 98 96 54 -19 46 -94 79 -64 -43 -102 -117 -69 -36 -52 38 80 37 -105 -17 -72 105 17 -35 77 34 -38 121 -17 -61 23 1 84 -61 13 95 122 -122 19 -10 39 27 -120 -84 -85 -72 39 88 96 -115 120 -3 -67 112 38 -104 96 -84 -46 -61 -16 -15 -18 82 43 36 -72 111 -109 4 101 -125 95 -87 -92 106 8 -104 -34 76 -122 102 -104 102 87 20 -17 -93 -79 106 123 86 -106 -43 100 126 51 37 -62
61 58 -30 78 69 -50 -6 9 87 -118 -78 52 -85 -54 43 -14 -96 -8 40 -103 -117 -36 -3 -103 -24 -74 -29 107 84 -104 -79 -38 10 4 88 54 54 54 -96 -8 107 -17 52 127 37 117 -44 87 -3 -66 -62 -90 28 126 22 103 -17 2 -67 94 104 -3 29 -119 -126 -93 25 -87 -101 118 -96 2 83 -49 21 29 89 4 54 -86 23 42 50 -97 -75 99 -17 71 -77 -111 -105 89 46 -60 -20 93 20 -12 44 78 53 -53 -47 -23 -99 22 48 17 -61 -66 85 -93 -93 -86 -67 -24 -89 -61 1 -120 9 109 52 -111 -55 -120 10 123
-87 49 10 50 23 123 15 -33 3 -33 -101 -12 -82 -113 10 -21 90 34 88 56 50 -41 115 -116 -20 -69 75 93 -125 -89 17 -35 -97 71 59 121 -119 59 -63 -124 10 109 -107 91 -101 110 -111 -69 45 49 127 -126 71 -64 81 67 39 5 -89 -36 -67 -108 50 113 -43 41 96 58 -31 115 127 63 -84 108 111 -85 -94 -85 99 -42 34 39 -30 5 -40 -108 -45 -3 -95 -104 105 -115 5 58 71 -42 104 120 -78 -77 127 -110 115 -83 -92 88 61 -124 -128 71 69 -85 75 69 -81 75 -94 57 36 -10 69 -96 -45 -71 -2 -125 100 95
53 119 -24 -40 126 84 49 113 -48 60 22 109 62 -11 54 27 8 0 -44 52 61 -24 62 24 1 24 -90 -120 81 104 28 72 -16 -27 -87 -86 -93 57 -127 0 -8 -75 -103 31 -37 -115 101 -116 40 -64 69 19 -12 -105 120 50 -92 11 102 -68 48 48 -115 126 -103 38 -88 111 -61 -47 -21 -60 -25 95 -84 29 124 97 88 45 -93 -69 -97 9 -14 12 -63 93 -98 -41 -124 23 -99 -44 -73 64 113 -58 105 58 -95 77 104 118 18 32 91 -49 -111 85 98 13 93 80 113 -27 -44 -71 -33 -74 125 -47 56 -75 -126 -118 114 -72
-59 -40 42 -81 -27 117 127 -73 12 -29 66 113 -84 18 79 17 -11 -77 -45 61 125 -22 61 -13 -62 53 14 -3 -17 -18 -31 120 -37 88 -73 -70 -43 -83 -72 46 39 1 -99 -63 -89 110 85 -107 75 127 90 -114 22 -18 -15 -114 30 109 -75 -17 17 110 98 -4 70 90 81 -49 71 3 9 97 -110 17 -61 50 -36 35 117 121 -85 -40 52 -32 -45 84 -98 30 49 1 122 -83 -87 -77 97 10 -35 -40 -47 -122 46 116 71 90 21 -59 -73 -111 73 112 -21 62 -39 47 108 45 114 -55 5 -6 96 -7 -91 -12 91 -73 -43 45
-55 -63 -35 9 -100 -50 -25 27 107 -65 12 101 81 -32 118 54 -23 90 6 125 58 119 -80 -8 0 15 6 -73 86 -33 61 -12 -65 -2 63 41 -112 -124 -117 104 -22 -104 -23 -61 36 96 -96 -93 -34 -30 -55 -123 -104 -98 46 -70 -12 -102 -91 66 63 20 47 97 67 36 108 -47 -77 -27 8 103 8 48 -86 -30 56 -93 -46 37 -37 115 27 22 -35 -20 -98 -45 -5 23 63 84 110 74 -117 5 -41 116 -124 33 32 32 -125 -128 19 -120 -26 95 -56 -110 86 -49 71 89 -122 -58 -41 -28 106 -20 -115 76 -52 76 -70 -3 37 98
-47 86 5 -81 -8 20 -116 46 -12 -89 106 115 55 107 68 -12 -64 -69 127 47 75 42 64 -5 92 2 -85 -73 36 83 106 73 -103 97 6 114 -96 51 60 -70 42 -35 -103 59 -114 -81 -37 97 86 -47 -126 -63 -100 -91 -50 -48 -108 29 27 -74 82 -1 -101 117 -60 77 40 4 -106 54 68 -8 99 84 17 -122 -6 -37 -86 54 -45 66 -100 -75 7 2 -40 -89 72 -81 56 -20 -67 -62 126 58 13 26 73 -33 -123 22 -15 37 -128 97 44 -10 8 -20 -126 -73 79 44 -110 -57 79 57 59 -81 53 -1 -73 22 11 20 61 78
-124 36 -91 93 39 25 -64 63 -36 17 -106 -98 45 75 66 44 -102 117 -14 4 -54 2 98 -58 -76 -73 79 -95 110 83 70 -84 49 -99 4 55 91 -20 -40 52 -77 -85 -28 -27 99 -126 17 -10 -23 -13 63 16 -110 -45 -90 87 -11 -19 107 -82 -94 -107 -14 -76 -77 62 -108 -91 30 62 -70 -86 53 -63 113 -4 -70 -113 117 -97 43 -17 -119 -37 -73 -57 90 56 124 -91 64 112 124 67 75 -121 -110 -37 108 67 45 -125 -69 63 -41 -21 40 63 65 -31 52 -105 -58 -83 -38 103 106 85 42 -73 -75 -84 -37 -107 -80 -93 79 63
-34 -4 -36 13 -69 -56 -48 59 -48 -71 32 21 26 -26 45 -117 -4 -10 -63 118 35 -48 11 -75 -70 -82 74 -54 49 -61 -13 -55 -22 116 38 -67 73 -96 -31 45 -84 93 44 -103 -115 -57 -93 -112 -7 59 -76 -124 -58 -121 -65 14 -90 34 117 109 39 14 -35 -126 8 38 -1 43 -115 124 -63 85 120 71 127 72 7 -125 125 123 80 -10 -97 -56 120 -69 -104 52 -106 122 -98 22 120 -31 -1 -82 -49 -33 -33 -112 89 -73 -84 3 -120 -105 -46 -4 99 -82 24 20 -122 -97 -67 122 81 -36 28 73 71 37 -30 96 84 121 -63 27
89 21 17 -42 66 -65 105 -73 -68 -10 -87 118 16 113 5 -12 -72 76 -48 -69 -14 27 125 96 109 14 -122 115 23 -54 -123 -2 -104 -95 126 112 -124 -124 -81 55 -28 10 24 76 108 115 -12 -4 -79 -119 -27 33 -41 -23 -29 53 -98 -42 81 95 -74 -98 6 -1 25 -32 -125 -53 -108 -17 -76 88 -31 -35 -44 89 -27 -23 64 -79 57 -86 -83 30 23 49 120 69 27 -3 -29 -125 -99 -124 -23 121 33 -53 100 -40 -13 -43 64 92 -75 15 108 -91 -9 -118 74 71 51 -85 -39 123 -42 -109 -85 124 118 -7 -10 -6 -121 112 105 64
-23 -118 -43 -1 113 -53 -119 -127 9 -8 52 35 54 26 124 -60 0 15 -37 -34 -45 -125 -106 -23 -8 101 -117 -93 36 -109 32 -19 81 -50 -10 82 20 -36 -65 -52 -11 95 25 -80 112 27 48 -26 -125 77 101 2 -2 -32 99 -98 -86 87 -20 -71 -63 -94 -113 123 -108 -42 -116 -103 -92 3 119 -25 -60 21 56 92 80 75 55 17 -16 -64 -111 121 47 7 118 -41 10 -62 121 117 109 16 115 73 -24 -123 -108 104 94 51 -49 -23 -37 119 -89 70 -85 -74 121 -37 -65 -128 -55 -43 31 15 -59 -26 20 -113 67 -108 70 73 -60 -51
-119 117 -64 -24 60 77 -12 70 -37 50 -13 -69 -17 -54 -100 109 35 53 106 -95 -45 9 -57 -45 -52 -25 45 -115 -110 -43 111 115 -15 13 64 57 -54 -97 18 -125 98 104 108 -126 97 -76 17 8 43 71 -60 69 3 -106 121 -51 12 -53 30 -91 100 -100 -125 98 -70 15 -37 -108 1 79 -88 -64 -15 -71 112 -106 0 92 -22 45 -89 -45 -117 44 -104 116 -9 79 58 -30 80 -66 -92 -63 33 -18 -29 -7 40 -21 -59 99 11 64 6 56 47 14 -125 80 -32 84 98 -108 -51 92 -7 -37 -120 -31 40 18 -97 58 60 -7 55 -104
33 -75 -76 -59 -100 -35 18 -63 -60 91 40 -95 -102 -112 9 23 96 -126 -83 -114 120 -24 122 -7 -19 17 -75 -51 51 -57 105 -4 73 -84 -102 -61 53 -75 -31 -11 69 32 69 -12 33 51 -53 6 7 6 107 46 -3 106 -89 -15 -34 2 -108 50 -56 -56 -58 90 118 48 20 -56 -44 91 117 -18 7 100 -62 -31 67 70 45 83 85 104 -33 -82 91 -67 -28 2 -20 -98 94 73 -61 77 -100 -106 -26 24 13 -114 -44 -33 120 40 -57 -23 -18 50 -45 -30 99 -76 95 20 -40 71 -128 -119 103 88 5 -82 -124 71 -37 13 -19 46
-21 4 -23 -62 30 -5 41 -83 73 -73 50 -33 83 -57 98 -111 -121 110 -20 22 21 108 -6 -126 101 39 87 -59 92 -35 -35 100 8 -75 112 -34 43 70 -86 -94 -82 -90 -14 -78 -128 -96 -7 71 -24 -99 57 -11 51 2 87 108 -90 54 -21 -117 -39 116 -107 55 -54 -20 63 76 115 -55 38 -3 98 -22 51 -109 -5 -118 -79 -8 -41 -31 82 4 -32 -68 121 97 -45 -101 11 -50 -102 -15 -120 -3 78 90 89 19 -96 -104 -95 -22 -13 -20 29 117 70 25 18 -84 -31 -105 -60 37 44 17 44 -7 -69 3 -115 -119 -71 -89 29 72
50 90 -82 -18 45 -88 -14 14 105 -10 16 2 4 -116 109 -88 57 109 -62 9 -35 -128 82 -92 -37 61 -17 46 17 -75 -61 38 35 9 -112 -57 66 14 -118 10 20 -127 125 -96 45 -109 -32 -45 57 -28 6 -28 79 51 34 -91 -9 -127 87 116 36 -66 109 -88 -23 79 103 -81 62 -86 -95 -95 -124 -2 -21 103 113 -63 -76 20 114 93 -74 11 77 -36 30 -105 30 -91 120 -12 -19 -11 -103 105 -41 -9 77 97 98 34 -67 -107 35 -111 -25 -11 -55 26 101 76 90 -116 -29 57 55 39 11 96 -102 6 -90 -26 -10 117 108 -105
-106 -12 -17 103 76 -31 -94 -19 79 -6 37 48 -30 125 -92 -7 -38 -18 -102 51 -77 76 7 20 102 -5 101 -45 -82 71 -37 55 80 -66 60 65 -67 126 109 -122 60 101 84 34 -81 91 -68 59 122 119 -15 -67 -24 56 -41 68 0 -110 -103 -87 10 -115 0 -126 75 -49 96 75 13 87 107 -50 -57 113 11 117 -34 -110 29 -69 -122 22 -56 -11 45 30 96 0 117 60 -54 23 30 -107 -89 116 -113 54 19 91 41 56 76 14 38 24 -116 -11 -75 53 115 -104 43 -117 46 115 -46 -46 -90 31 7 -19 -28 19 92 -116 111 92
-63 75 -99 82 41 22 -38 -88 -62 123 41 104 -14 92 -113 126 -36 -85 70 80 -50 33 66 -107 101 -30 79 -88 91 -28 -82 -104 118 -4 127 32 -28 -96 -76 34 31 73 127 -27 93 -88 -123 115 50 116 -115 -112 124 29 78 111 46 -32 13 -20 -35 -30 7 -14 -14 -98 -71 -62 33 -50 -54 58 -116 19 -38 89 96 -50 -125 62 105 38 6 -120 -48 35 22 -50 -62 100 -1 117 72 -43 41 -98 115 -13 121 -38 -3 -120 34 -15 10 -92 -47 -37 -16 -46 -53 -28 90 -102 -82 -124 27 -60 -89 8 56 -30 -21 -81 -8 -36 -23 88
-63 113 56 -26 64 -55 -55 9 69 -118 102 109 -40 -81 -90 46 -94 -35 0 -103 79 -113 115 27 -125 -56 127 113 60 90 -75 -103 110 76 22 94 37 -98 15 -105 43 124 -61 -12 83 70 -45 -114 -40 43 34 -45 -58 126 -90 -106 20 -98 21 -69 6 -29 55 -68 -100 15 -51 29 -13 -46 106 86 6 19 -9 -120 -62 -109 58 5 -36 66 126 -125 92 95 -40 3 -26 14 69 -19 -27 -29 -37 38 -5 -51 -19 -111 69 -50 -22 11 -19 -76 -1 -64 -55 37 -49 -120 -28 -128 30 -72 54 82 4 20 -51 -93 81 -64 21 -105 -26 69
123 85 12 -95 31 -30 -48 -32 -47 78 -108 -125 -93 76 51 -3 109 -32 16 -99 115 60 -52 123 122 56 -44 30 8 -7 33 -66 126 90 -24 121 -103 37 83 -33 -107 -64 7 125 45 -39 48 -117 101 68 55 -24 86 23 -32 -49 16 -31 55 -87 25 -12 94 84 110 99 5 35 -9 -116 25 78 37 38 4 -3 -1 31 88 35 1 117 -55 125 5 117 -69 -34 70 70 55 -112 12 25 -112 -48 -38 -115 2 72 -54 -94 -59 77 123 -5 84 -55 54 83 -120 -110 -50 28 77 -67 -66 35 126 46 -56 102 25 41 71 -8 -9 -31
-83 127 125 -66 5 -52 -55 34 -81 62 -11 42 59 114 -57 109 42 -44 -18 4 67 81 27 90 10 -104 17 -20 114 82 -25 -1 -71 -123 -128 14 91 13 6 -19 -39 -75 -4 -55 3 -63 19 82 -3 -108 98 52 78 -22 124 60 -46 -113 -76 -22 69 -124 -8 -14 58 54 -52 -36 4 -121 -118 120 -111 92 -94 84 69 -94 120 -36 63 33 74 108 -34 65 68 -27 24 -94 71 -117 3 -50 -102 61 -59 -15 13 -69 40 -95 119 -14 36 16 -72 -39 -70 94 113 111 49 36 33 80 55 -115 90 -63 24 -86 -55 124 33 -126 59 -31
18 7 -114 120 -31 95 -9 50 78 49 42 103 113 -30 38 101 7 -100 107 -53 53 71 125 -98 107 -14 116 125 -82 112 85 -67 112 125 89 -65 116 -5 -17 -70 -1 42 -100 -101 33 -5 -48 -3 -47 33 -15 115 29 84 -70 100 -116 -18 65 -69 -10 110 44 -37 -82 39 20 48 -10 107 30 -30 -96 -15 112 -114 -94 31 46 106 -13 64 -113 59 -41 -106 -93 -99 -4 -22 56 97 25 -15 17 33 46 -20 62 -59 114 -87 -128 -94 -21 95 -119 -31 -76 -2 78 -33 105 95 81 -33 -18 -78 -116 -45 -64 22 48 63 -52 -115 -100 46
-10 111 96 -68 -55 -86 40 75 18 16 126 -85 -124 75 -127 1 -121 71 -124 -13 3 10 86 -53 -80 36 113 -51 -52 -20 78 98 -91 -103 85 86 -12 -80 -108 -38 109 37 92 -68 -80 -90 -121 61 -19 24 28 0 82 -89 -84 14 51 -88 -51 113 -79 42 22 -77 -57 44 -51 34 -38 63 -21 12 49 45 -122 94 110 -49 -121 5 -99 21 49 112 -125 82 -55 -39 -54 -96 -78 64 -44 -2 -51 -122 106 -39 -105 51 -63 45 -103 -90 -9 23 76 119 -108 -114 65 -95 80 -116 17 126 -86 -108 -70 53 114 21 42 -13 -100 64 5 53
26 5 -92 -110 -41 11 27 28 52 12 116 -54 -80 -103 -126 44 66 55 -128 -89 -26 -26 16 -14 -119 -29 96 -22 -126 -99 -78 50 -12 -83 28 -95 -20 123 89 -32 105 -10 39 26 -39 51 27 -103 -4 53 127 -31 -11 -29 83 117 -28 -126 -72 101 -38 -112 11 -110 -60 -28 65 119 -23 98 112 -124 -118 38 -128 12 -116 -48 69 122 -24 86 -38 -58 97 40 -126 -90 37 -23 28 23 39 -48 -70 -62 32 -93 18 101 -6 101 -84 -73 -95 45 -97 -24 26 -93 -11 20 -29 -128 -43 13 89 92 74 121 -78 -119 11 -59 -40 105 99 -59
82 124 23 -12 -108 87 -42 120 94 50 86 -26 28 126 6 -122 -56 -122 24 -65 -110 85 -42 99 25 -11 0 1 24 -29 -25 53 -89 -98 -11 -49 106 -84 -100 -57 -5 -74 -1 -33 -100 65 -107 101 24 -10 -28 6 18 -82 74 -122 67 126 -90 64 44 56 -87 32 83 62 -32 -43 -83 105 -36 -44 -74 43 21 108 -128 -64 21 119 10 104 64 92 67 82 -89 -85 6 119 -10 -116 91 22 71 102 -29 55 110 -64 57 41 -10 -44 70 111 -75 -14 19 75 36 99 34 100 72 -102 -78 -120 -80 3 114 56 -75 -39 -26 19 56 2
-108 -120 -9 61 43 -102 -121 -29 -10 -78 -74 46 0 104 51 7 100 21 -44 31 -19 -39 88 113 -23 -80 101 53 66 30 18 100 97 96 -11 -76 12 -34 -41 45 -113 7 -7 -41 -10 -52 23 35 -95 -70 -98 45 23 -24 -31 12 12 7 -107 97 5 15 78 -59 -90 -4 -82 11 -127 111 116 -91 -118 -127 -33 -56 -122 44 -74 91 -3 -1 61 -121 -122 -107 19 34 -26 34 88 53 38 -17 53 -52 -53 49 -124 -126 -14 117 80 -11 -43 101 -25 -33 -2 -19 -57 -122 -14 -55 81 7 50 -38 93 14 -77 -1 -113 108 -126 -19 -12 -36
-52 -99 105 -106 29 18 49 0 -119 86 107 -25 -13 -94 -44 -89 72 -29 -71 -122 5 -111 110 -20 -12 -38 53 -41 53 96 122 103 107 8 -54 31 65 80 -83 -126 -85 127 -16 -57 -49 -6 -121 120 -66 -84 50 -75 -52 -23 94 48 -81 58 30 -99 -52 -38 -13 -103 21 -10 63 19 -8 64 -82 -54 -110 -73 125 49 -39 57 -128 10 -115 -30 -123 44 94 64 -31 57 -36 14 104 114 108 80 12 -29 -23 -88 49 -128 85 -84 -94 -70 -122 46 46 37 -28 50 -15 -12 -80 -50 51 25 -88 -26 90 120 26 35 55 22 30 -100 -11 85
5 -99 -8 118 15 56 -81 106 63 51 -47 -124 101 -83 83 42 -91 44 -52 50 -69 -2 79 -16 -15 -66 -51 80 -33 -80 -30 47 -32 57 2 2 112 9 -118 38 80 56 -2 -43 -96 -103 -13 -121 -66 0 -12 74 10 -23 -26 107 12 105 100 -104 -35 -10 94 10 -64 -65 -87 -15 29 -11 59 125 -38 25 -101 5 103 -121 -109 -30 22 -96 39 49 19 97 1 78 5 -55 -60 -105 -92 11 -124 -10 -45 -14 -50 -70 -1 64 42 83 100 5 -119 -23 -123 39 -125 10 -36 -67 16 31 76 73 -93 99 26 92 -113 99 113 46 -50 97
-45 -28 -21 30 12 47 -117 -44 102 7 -86 -94 7 -28 8 -25 52 -52 -121 123 -48 -126 -18 11 29 -39 -83 95 -128 -60 -89 31 87 -50 50 0 79 -6 -99 -31 -54 127 -98 108 124 126 72 10 3 110 23 10 -67 18 116 -98 -61 73 -35 108 16 -84 -62 46 -16 -89 -12 84 73 37 0 -55 -44 30 97 119 -12 0 -128 -117 101 98 -10 107 127 30 56 -99 -72 3 -71 -119 -66 117 -66 -101 56 91 61 -84 -80 -38 -123 -47 17 -44 30 -29 -11 103 -100 -65 57 31 63 115 -119 14 -110 16 108 49 78 -52 62 84 -122 104
-49 -24 -108 -87 102 98 1 20 78 92 100 98 33 -31 -110 25 4 103 -58 -14 16 -21 112 -68 100 8 -22 104 -57 -121 53 20 -66 93 -124 -87 -105 63 -41 -91 -37 127 -66 41 -18 105 107 -43 -121 -96 53 -16 125 25 -94 32 -106 35 20 -109 -30 7 -2 -36 30 -24 -53 50 118 102 -74 105 -48 6 -43 -65 27 100 100 96 -81 -66 -92 -118 111 81 -92 -17 -14 2 -40 -113 -117 -70 2 4 87 87 34 -113 -50 87 3 -7 103 -81 -31 104 -98 -29 -78 -81 -38 -120 -23 61 -94 -7 -52 -17 -74 -22 103 101 -47 -25 -125 -80
35 -38 -82 44 -57 92 -105 55 -19 27 -24 7 -69 63 99 5 -16 -78 112 -51 37 17 -112 -46 -60 -12 -6 127 53 -95 75 -128 -115 -20 56 -36 -27 88 104 24 -109 -13 -4 -8 -21 127 -87 38 -120 45 84 -32 -32 -101 -44 -127 81 -58 66 122 69 -12 -32 120 -4 -23 54 -84 -28 -96 115 41 1 -123 119 -45 125 2 -117 -53 29 -44 -85 46 5 -109 -53 -77 80 -33 -82 -112 102 80 122 108 120 49 -12 27 40 -105 -85 -49 22 -118 -57 -6 -98 -52 -71 -25 127 -72 52 -56 -109 -38 -112 34 -124 39 -120 -67 20 82 -127 100
-22 -101 55 3 -54 -54 63 -18 -5 0 -80 -34 67 61 31 109 86 -4 94 -12 -68 25 18 23 101 106 -28 -42 122 -12 9 -18 -35 -58 -14 120 41 -14 64 23 -88 -106 -87 -94 60 104 64 -38 81 -92 72 -104 51 -14 -78 40 -88 5 104 -41 -69 56 125 38 106 9 -51 23 94 -91 -36 82 -99 74 63 40 97 56 -101 -25 -34 30 50 -27 110 92 29 -119 37 46 80 127 -2 81 -112 124 88 40 -107 -38 -112 -3 57 -14 -29 -101 46 56 39 92 -120 112 29 30 -72 35 124 97 -118 44 -63 -52 -92 80 -105 -65 -58 -60
72 108 105 121 0 5 -26 16 -41 4 73 99 -91 15 121 116 -17 -43 58 67 63 -23 -115 -99 26 -23 64 50 89 82 48 -59 -39 -75 99 -43 6 60 -127 -107 88 56 78 -91 119 69 104 67 79 105 -120 -112 -27 -28 13 -123 -87 -59 109 -67 17 103 -94 -93 80 127 41 -18 -16 15 56 -62 -85 12 33 5 -18 -60 127 94 69 77 104 69 -10 81 109 -83 19 -117 -16 117 111 -38 107 -18 -106 55 -120 -98 -19 109 -70 -45 11 31 -28 -101 -117 122 -39 21 33 -69 118 22 7 -33 60 111 -9 -24 82 62 -102 -111 87 112
-80 -30 -96 89 71 -84 -15 -115 111 48 18 111 54 -54 33 24 -32 82 65 123 -28 -111 -51 100 -46 -25 -39 -26 -41 -102 107 71 21 37 -35 -31 126 -107 -89 -74 -126 74 86 -91 -120 45 86 67 -118 93 -41 47 -123 -23 -26 -80 -90 13 -95 40 38 -101 -107 102 -28 -94 48 92 65 -47 -55 -126 -11 102 101 -104 -69 2 -103 -105 36 -50 -18 -1 5 67 2 30 -123 73 65 20 -90 24 103 -31 35 46 86 -67 -40 -40 56 -104 49 -65 -59 -85 79 22 -92 124 -44 -3 -115 92 -14 -39 6 101 -119 -91 124 -114 119 47 -25 -59
4 28 -6 -8 49 123 -94 -7 -104 -52 39 -99 -34 -90 81 -6 2 77 -127 -11 -45 95 -91 2 3 79 94 122 -51 -50 30 119 -117 -123 -8 -20 13 97 22 -103 100 9 -20 91 -47 8 -90 -118 26 -28 -120 -98 70 -81 84 -5 47 70 -16 -59 -30 -10 -48 -11 -107 118 -34 -25 20 -81 -70 -68 42 -106 -38 -26 -6 -97 -110 -113 57 73 95 43 17 -60 52 -97 -27 -14 -65 -40 89 -49 -44 91 116 -20 57 54 85 25 -48 -26 55 64 33 35 -28 -66 35 -31 68 -20 -81 -26 -17 -112 32 -123 98 84 7 -18 -117 75 111 -33
98 47 -47 29 -31 -104 -33 41 110 -56 110 -111 19 -7 -105 32 -16 -65 9 82 -117 -44 123 105 97 27 -58 39 -103 54 122 43 -31 20 113 57 -33 -107 119 -46 -83 73 -13 9 -122 75 115 -48 -39 -70 -56 -100 -40 -81 -44 85 109 -23 48 -25 -90 -118 27 70 -77 16 70 -25 -112 36 121 -57 23 95 -81 -46 90 110 67 54 -125 83 42 -121 -38 7 67 15 46 49 60 60 -6 -98 -48 -26 29 85 -102 -100 -126 -13 102 7 5 -126 -73 27 -7 85 81 -107 71 -113 -122 52 -113 91 -23 42 -50 -37 1 34 35 -91 22 -121
52 -40 10 117 -25 -43 40 99 -10 63 -15 -102 -121 -39 31 46 51 42 126 93 -26 -83 -83 100 121 -126 -7 -121 51 -93 -49 -128 29 -49 112 8 55 18 109 111 -15 2 -4 -25 11 33 -45 117 67 105 -80 6 77 22 91 75 -6 -81 -9 -35 -73 13 120 125 -40 126 72 -80 123 -119 112 -38 124 -68 101 -124 120 81 -84 89 -60 -9 37 4 -11 108 -54 69 -13 -71 64 87 86 -3 -12 56 57 -108 11 -33 -35 -7 -89 34 -26 26 -115 -71 11 -77 48 -50 78 62 29 -108 -46 -98 11 9 89 111 86 -107 108 12 -54 -58
-125 -16 45 -72 37 0 -71 -126 7 5 26 -103 -99 71 -30 -122 -50 36 89 -61 -117 111 111 -92 73 -85 111 -112 -117 66 5 3 -112 -5 75 -112 -68 -100 -128 -71 -5 106 -76 91 -25 96 22 -34 63 54 0 -87 59 2 -101 -114 1 -40 -57 15 18 -73 -60 105 53 -82 -127 70 -100 -75 12 98 64 -63 87 -12 -43 115 51 101 88 -82 -61 -89 -55 -10 -118 -43 8 59 -104 -77 82 -33 2 54 11 -115 88 -18 92 -87 -52 -19 -11 -39 -70 7 51 55 -69 -51 -47 107 -12 -39 55 -15 -122 -110 -113 -116 -113 72 3 -128 126 -21
-22 116 -62 64 88 105 -24 -29 85 64 -35 109 -100 13 -113 -87 -70 -17 -23 -121 85 -82 39 -39 -50 -122 -52 101 -17 11 -6 -104 -63 -29 -1 -28 -52 19 -128 95 -117 -123 93 96 -103 -27 103 42 -25 -59 87 48 -117 119 -43 -79 -38 99 66 124 109 -110 -120 107 34 -43 -32 66 1 119 -27 20 126 75 -46 -35 16 66 53 -12 -127 45 -59 0 -112 -86 -15 36 -95 -118 -37 -32 -95 76 -121 -63 44 92 -22 -35 102 5 -109 13 -88 35 74 -62 -56 -23 68 -95 77 104 119 -2 -22 -124 -43 -77 -45 2 6 46 114 -110 25 3
32 69 127 -58 23 -45 117 -104 -60 65 -67 6 31 -107 -109 90 22 34 -116 -98 -64 -36 -62 -27 101 30 107 -88 -97 125 42 -69 -49 0 123 -117 -45 96 94 21 -113 91 1 120 -77 43 -80 63 121 125 124 -128 12 45 102 27 45 -22 55 -83 -118 -108 -70 20 116 85 100 28 -23 38 11 -85 -48 35 84 -108 -58 -20 53 47 -107 120 67 97 94 46 -113 122 67 -122 -71 56 -48 69 76 27 -64 -43 -27 119 1 36 -112 -44 -78 -25 116 1 -32 -69 -3 77 -21 -63 103 -52 123 115 -101 86 82 -111 44 12 -46 73 -49 -22
57 -94 -54 110 22 -51 -27 -22 -113 31 -48 5 15 -93 70 111 -100 46 -25 -60 -57 -115 97 56 -101 -75 29 96 88 -72 -20 -120 -71 -111 -74 -33 -70 75 -118 -19 88 40 -38 -128 76 -9 -119 -104 -115 -55 -24 -65 18 -105 2 122 -50 64 -9 -47 78 -97 -63 19 -108 87 88 91 -57 -106 72 36 55 -10 -32 -11 -84 -19 -51 -35 107 -8 80 -15 117 -36 111 42 -37 76 -118 -42 -84 -40 -28 18 -113 -97 -12 97 125 39 -47 70 -41 -58 109 113 75 -105 -19 102 -51 6 108 125 126 33 0 -25 29 -99 -14 -32 -33 -42 -75 101
-18 -16 -43 119 82 -66 41 -112 4 30 56 74 -100 -14 -5 47 65 118 121 44 -79 -24 -89 -69 49 -109 49 -66 -41 -55 115 9 -71 62 -23 -73 80 30 101 69 -87 -100 2 -86 90 -91 -96 63 112 70 -71 108 66 36 47 56 47 27 -56 -53 -111 73 30 -5 -108 124 125 -13 38 -6 43 -79 -64 -123 -12 -2 6 126 31 -76 108 -64 -74 71 22 -14 -108 9 -49 72 -97 88 -54 24 -108 -16 34 -60 26 -93 40 110 24 121 38 26 -55 -19 118 75 -126 -51 21 -42 69 87 -94 -33 -73 -108 -11 33 -22 81 32 44 -108 58
42 73 -73 -102 -1 -27 53 121 -84 61 -120 -88 -29 -126 -73 72 -87 119 95 -51 121 -38 -66 -65 -25 59 -54 -109 27 -113 -36 -119 123 54 54 -20 -80 -119 -84 -24 -1 85 12 -101 10 -58 52 96 -60 53 -10 17 -111 -91 23 -18 -125 -37 -98 -65 -27 94 57 -56 -34 86 47 24 87 113 -17 111 -99 -87 -106 -98 -26 -78 51 69 -5 6 83 121 30 28 -23 28 75 -44 60 110 66 -15 47 -128 93 77 -52 -28 -68 -99 -9 110 7 -22 127 -67 51 26 0 44 116 -104 -102 -64 -55 42 -10 -71 87 45 63 -5 64 -73 -42 -122
112 119 -68 -118 17 -15 105 -127 40 54 67 35 115 -64 -22 109 -107 10 6 -24 -34 -10 -14 49 26 55 29 -32 15 12 4 52 112 10 -78 79 -111 55 23 24 -118 -39 3 53 17 -58 8 9 3 -72 -49 116 103 75 32 -12 -55 -2 -104 -38 -99 -61 38 25 67 -36 69 101 71 105 -15 39 80 17 -100 69 98 8 -1 -33 4 -82 0 -37 61 -31 -111 43 -38 -9 -91 31 -28 -28 118 -12 6 56 95 -55 -96 112 70 -107 -47 44 88 95 -9 -58 49 -69 -10 -119 72 -100 117 70 84 -108 -91 -103 -30 -74 -9 58 -17 -46
-101 -59 91 -82 -77 116 -1 28 -50 54 -84 -25 59 63 -100 -34 -42 22 71 62 -33 -122 106 57 -120 -24 99 6 -72 -51 21 45 -99 -37 88 -4 28 -6 -118 -91 95 71 -93 -128 34 85 -124 -85 58 -96 103 -20 -1 87 -2 -112 -2 -113 -59 -112 81 -49 43 -61 92 -107 -48 -75 -17 104 -83 -39 16 -34 49 110 72 -17 23 -106 -69 -42 -92 -73 119 48 -85 26 108 -125 60 91 -121 -44 97 54 12 -21 10 77 -96 53 -65 -88 84 78 61 -88 107 -46 22 -41 -53 112 -113 27 93 -116 -83 58 -88 -124 28 -99 -128 -76 79 41
84 96 -42 58 -19 100 61 90 -36 58 -80 35 77 -4 122 13 37 -76 91 79 47 121 23 -122 -67 114 56 -6 -25 16 44 -114 50 -9 -76 106 -60 98 -2 -108 110 -95 34 -116 76 -101 -29 4 57 62 122 -54 -9 35 -50 65 101 47 -115 55 112 -113 -61 -120 4 -76 -119 -21 -23 -6 105 -12 -92 10 -58 -84 -48 113 -91 83 82 -87 -14 -101 37 64 -87 43 94 -94 -67 81 -11 -63 65 11 110 101 -97 -7 -93 -35 60 22 48 -41 93 97 0 54 -1 101 -79 86 56 59 57 -52 -72 19 -119 81 99 -24 -78 -40 124 -21
97 -22 30 -33 48 36 116 51 113 95 -128 4 -116 114 -15 -37 70 -18 25 99 -4 62 -112 121 115 -55 62 60 36 -73 -49 95 -29 52 -47 -127 -26 -15 -102 -88 -92 -44 52 49 -98 93 -94 47 -14 86 -28 107 19 92 56 -120 38 -19 96 53 44 113 28 98 -93 -64 -48 -83 -114 -45 -56 88 -99 88 71 -5 51 63 23 2 -68 64 107 -93 120 -77 48 -96 -47 -99 103 -37 -61 91 -104 31 -99 103 102 111 27 -80 -59 -67 3 60 -35 108 -95 68 0 33 117 126 -25 -56 51 -47 25 49 -10 -113 114 -42 27 5 -77 -101
100 12 39 25 -72 -96 -103 -6 -107 -103 20 118 39 -14 105 21 106 -50 86 -91 -54 29 109 -64 -99 -54 69 -63 113 -24 -11 -77 29 -21 33 95 61 3 -54 35 -70 38 108 -3 -104 -105 64 66 -14 -48 -94 102 -112 45 110 -37 64 -103 -2 -81 -28 -49 -6 53 98 119 -36 8 -5 -70 -34 22 -115 -24 6 -45 -127 3 -63 79 123 110 -120 -47 -126 -111 -66 -76 -62 7 -26 -14 19 40 96 75 116 -87 94 -18 122 -50 -77 -60 76 -107 -5 -37 30 -114 -37 -52 -89 6 -69 106 85 -3 -23 122 -51 22 -45 59 49 11 71 -117
-102 5 -64 58 -13 49 19 -80 12 68 -73 -54 113 -116 -40 5 64 67 100 19 -127 -87 -63 -32 36 -51 -8 71 -118 -65 122 -67 -22 79 43 75 -96 89 -66 47 126 -91 -77 -40 -100 -99 -45 43 58 106 -41 69 66 58 55 118 92 10 -29 60 -63 116 107 96 77 68 -71 -92 -45 121 -41 127 -81 26 46 93 -47 -70 102 -36 36 -15 122 -16 71 -4 20 -117 -75 -27 5 -4 70 38 -58 -45 9 -46 72 -14 -113 78 -75 -1 -110 -37 -34 17 29 -124 -107 -84 53 114 -124 31 60 11 71 -107 -86 50 8 -1 82 -119 102 -13
2 90 101 93 -99 -85 67 110 17 -71 51 32 -93 72 -34 67 -8 123 67 -26 -109 13 61 -49 16 -49 44 -22 -105 -50 -4 99 12 -98 19 79 -29 17 0 50 -19 -101 -93 -39 56 54 29 -10 66 102 -95 -74 -108 -101 62 -61 3 60 -77 -113 -47 -80 -42 19 44 -53 -61 96 -90 -120 101 -79 -86 92 -91 107 74 -37 65 61 -91 -78 64 -98 -22 1 90 111 -88 -110 32 -43 -17 71 69 40 -101 -81 101 -84 4 -74 25 57 51 5 43 -99 22 105 -101 -86 37 42 -35 102 -93 27 11 63 -98 2 15 -114 -121 71 -46 -1
88 -101 -127 123 -40 54 -34 -106 111 -128 49 -104 15 -73 110 -30 10 -23 -116 93 19 -100 61 58 -51 11 -122 17 103 23 -123 20 -72 87 -81 -34 101 -105 -17 -50 103 63 35 -41 18 39 -98 125 71 29 98 65 -68 64 115 18 -104 96 7 -48 32 -80 104 113 -20 -115 -58 40 -89 -35 -51 15 -12 -5 -17 4 -24 124 13 16 -2 53 -90 -4 -17 1 -103 -115 -12 16 50 102 100 103 36 -102 106 -73 125 13 -112 80 -53 29 52 -77 45 83 90 -40 -52 59 104 -81 63 57 80 104 -8 -66 -82 99 94 -119 96 -100 71 118
-34 10 106 69 -44 71 65 61 -105 79 4 -73 15 -50 110 -68 44 80 -76 103 -45 58 120 36 -9 -108 125 -118 -73 -58 122 -42 -30 -75 -60 -43 27 -83 -68 58 -83 -103 8 -103 98 91 39 21 -47 -75 64 -7 87 -114 52 65 27 125 108 81 -51 110 -33 -64 48 -127 -42 -52 87 103 42 110 -34 43 35 -90 5 -43 -75 126 -7 -31 12 -44 103 80 -98 -86 97 -14 -38 80 -15 67 -51 3 98 -77 112 -93 -100 71 -116 93 116 -20 -76 -70 -63 60 -126 -39 -60 -56 32 -111 85 -6 -99 -66 72 -23 41 52 124 -106 -89 59
-14 -127 -82 -27 33 27 -66 122 -10 -75 19 -49 99 29 117 0 -80 102 119 55 -29 -44 -10 -28 89 31 -126 -42 -59 54 -43 -28 65 -73 -49 58 -29 70 -28 75 -57 104 48 80 -127 -22 64 52 1 64 56 -73 71 16 36 -47 25 -82 -52 121 -28 36 -2 121 -51 -54 16 -87 -20 30 -66 100 50 12 -12 -54 27 -123 -16 51 -32 -112 -121 -82 -85 70 86 -16 -109 -113 -13 -40 -30 -39 -111 -75 -83 -59 101 -6 -28 -96 -69 42 -48 -47 45 5 -16 112 126 64 106 108 5 90 -7 83 36 26 43 91 50 99 67 61 96 -2
-120 58 -40 -72 83 120 -73 -98 46 123 -11 31 -64 -102 100 72 -12 -127 11 -100 20 111 88 -3 -32 -116 -1 -11 98 -59 39 90 -21 -13 4 -46 5 -7 3 -94 -43 -79 -122 -47 -104 -103 -112 119 -126 36 10 -5 125 -39 63 -3 125 123 85 58 71 13 5 -110 -20 116 53 -111 75 8 53 -57 115 0 -111 97 -100 -1 -113 103 -10 65 -100 60 -33 -77 2 -43 -63 -112 -81 -83 80 -119 -41 120 -14 89 -20 112 82 112 49 -15 14 45 29 1 -107 62 118 -35 -17 -12 115 127 -17 -41 -82 74 69 24 -1 -78 -95 -93 21 -9
-22 62 111 8 2 -44 -40 -109 -101 50 -51 -54 104 106 -82 84 -9 -47 94 -51 19 60 -37 74 15 -113 -48 23 -57 19 86 3 108 71 117 107 -99 27 -6 -126 35 69 -91 78 97 -54 104 -94 -80 -71 -44 57 49 -125 -59 54 -48 -125 -90 15 56 -16 -62 23 -65 65 -101 108 88 -99 -74 51 58 -27 -117 -2 5 -77 -26 -36 -77 -9 51 95 122 84 -98 33 -67 82 -1 85 -22 76 -48 -17 83 105 61 -74 -111 93 110 -23 -83 -120 -17 69 96 19 -65 -22 -66 38 -99 -125 -106 76 -76 -120 97 116 36 -46 -26 -34 29 -113
9 110 68 -70 -123 123 -20 89 -52 69 65 1 -67 118 -115 50 42 -24 34 60 119 -62 124 -70 16 -47 -127 -103 -69 13 -67 -98 -111 113 81 3 68 124 -21 -118 -68 69 -69 112 25 -106 78 -6 14 20 8 -70 -19 -125 5 22 -67 -97 -39 45 53 -16 96 101 -47 -128 71 23 -99 110 22 107 70 8 19 -126 -100 -80 66 -35 74 62 79 -7 5 -2 -53 110 100 121 -15 53 100 -79 56 11 -44 121 -63 -117 55 47 119 18 114 -47 -88 97 50 -112 59 -83 -42 -114 -92 5 53 -104 41 -99 -118 -25 89 -121 -85 -18 15 -66
59 -85 -13 -71 30 -27 81 -97 -69 -105 -92 116 14 36 -87 -71 115 103 -110 21 48 -75 -79 10 -8 -46 3 -101 -3 117 -59 94 -72 4 28 -55 65 -47 4 75 -24 7 106 -12 7 -1 -56 -120 69 123 -36 -123 15 40 84 50 -9 34 -33 -23 105 11 122 -117 -76 -87 -51 -3 -96 25 -2 127 -41 44 -31 -66 78 55 59 72 34 -117 49 22 -99 86 -69 -69 -77 -40 84 64 89 93 -9 -3 53 33 -33 -68 -124 -21 -3 62 64 -108 89 30 -5 15 125 86 26 -56 62 35 84 -27 22 -70 5 9 83 114 -6 -7 -54 -94
-40 -101 -67 71 -111 -119 -37 110 68 -89 -83 89 -72 -119 55 43 32 -88 12 -3 113 -76 -44 96 -47 -127 -13 -81 -56 -10 -3 -69 -55 64 109 126 100 -62 114 -96 31 -11 -99 -95 -34 105 46 -39 -55 -19 49 -8 -20 113 48 -64 48 12 -18 -111 99 -126 32 -110 32 -75 32 113 -114 21 124 36 -67 -46 -123 119 -41 -19 -49 -64 32 97 -87 56 -72 105 -63 -13 28 -95 25 -39 43 -112 78 -55 -31 -76 -97 -63 50 -64 83 107 -82 107 106 -61 -20 104 -64 -13 -56 -41 22 -96 37 -55 -66 97 -8 -22 27 6 -126 40 -60 -117
-111 -93 -50 -92 15 -48 -86 9 67 -62 -107 -47 -43 -91 102 -13 112 85 -17 32 114 -14 -4 -45 -35 -52 -64 58 -27 -73 89 -52 -8 60 -74 -122 22 -70 -52 -60 82 -108 -100 -18 -121 -34 -108 -77 -73 35 113 38 49 -88 -99 -2 -102 -44 -18 90 120 114 -38 -40 4 98 46 -7 -19 -68 34 -44 -39 96 -99 120 -102 116 114 -112 60 -2 -128 -60 115 40 12 -125 -17 -50 -11 -125 -45 -42 -30 105 -50 -70 87 -5 18 -110 108 -23 -7 44 16 -63 -32 74 -46 45 -37 -87 95 82 -92 -21 80 -13 -26 125 22 -69 20 125 -36 -77
-1 -27 5 -49 108 -107 114 109 3 97 13 74 18 70 -26 -97 77 32 -109 55 -77 -24 -69 -5 -79 -14 92 14 -97 -2 -5 -105 97 -7 -9 52 18 86 49 -70 -116 73 -85 -21 -17 -38 -9 47 91 127 -37 -127 103 120 66 6 -30 -85 104 -126 -57 -33 80 12 -34 -18 95 2 -83 27 -115 85 80 14 -46 -107 -63 -88 15 -113 -40 -56 -109 -115 -112 57 34 103 -83 -103 -84 119 -1 89 54 38 91 24 103 91 37 0 -110 36 50 -63 107 -90 24 57 59 -121 48 7 -85 -128 76 4 122 104 -124 -92 -111 113 112 83 -87 -121
51 -45 -64 -57 46 4 -7 -81 -88 124 22 -81 14 -17 -38 101 113 44 -122 49 10 -71 -15 -96 27 -99 97 -101 -50 13 98 -27 -26 -109 64 -61 13 21 18 66 -124 78 31 121 86 -46 -99 16 -113 85 51 35 -99 28 -128 59 78 -93 -53 5 42 -36 -34 -79 25 126 93 -27 75 -60 -4 -23 95 49 -59 70 91 -36 22 -1 -106 74 -107 -92 -18 -100 -34 -66 -85 -13 35 119 84 5 -9 127 55 14 -14 92 125 -70 78 43 2 68 -98 30 25 -34 -65 98 -3 102 123 -118 -8 -8 25 -28 0 -58 -21 51 -33 -51 66 108
56 -128 77 105 -18 28 -22 -64 70 46 -54 6 82 -109 -21 -88 -42 -6 46 -38 62 40 -17 73 127 -2 74 -98 -82 30 -105 121 123 -78 -63 65 -39 20 97 -113 77 74 16 98 12 70 25 -103 -66 -103 42 -103 -91 65 -31 -47 83 79 -52 66 31 56 36 6 -9 -109 -34 -124 28 -97 -53 52 -69 105 16 119 120 117 30 116 -45 -15 -12 29 -88 -17 -87 -98 -24 37 -20 13 -7 -11 -73 -37 -39 -34 67 -53 111 -81 -85 -60 -99 -113 102 109 -100 123 50 78 -76 -28 -110 -60 -86 125 94 -87 10 -22 -127 84 84 14 -8 96
-111 -107 -80 124 0 98 -111 70 39 46 12 72 -90 112 -63 98 98 5 92 4 65 -32 -101 120 -80 -66 106 -112 86 -72 77 18 -83 -100 112 -8 -6 4 -38 -11 49 10 -79 -16 -106 118 -86 -4 103 -16 106 -77 126 -43 -64 101 -36 -67 -16 -20 -63 -59 -20 -75 -43 -123 22 -37 -62 119 -106 -32 -96 -74 103 -87 50 -55 -95 36 -58 101 125 -16 -26 106 -51 55 35 91 -58 -61 117 -25 -18 -114 100 97 37 5 23 -56 -24 122 115 -65 -128 -119 -6 -120 90 -44 -46 72 126 103 -26 20 64 -76 -39 -64 125 80 110 98 34 -50
-49 120 -11 13 -15 -116 -102 124 27 -96 -112 90 -43 95 -89 43 -127 6 -33 118 -119 9 74 -66 -13 -80 -53 -100 -47 -121 -5 -77 11 -79 -2 33 -64 -44 -84 -109 119 8 -4 127 -61 23 123 -36 121 -51 102 124 61 -4 97 82 -74 -32 -13 26 -92 -59 2 -58 84 121 69 -96 -2 -20 -43 -34 -109 -96 -52 21 111 3 109 66 69 -50 7 -128 84 18 -87 50 -3 90 107 -78 62 -66 21 -23 68 -4 68 116 41 84 -112 -86 80 64 23 -44 16 -54 78 100 57 8 -19 35 5 -66 -73 19 -32 -24 102 -57 -106 9 59 -63
3 -12 36 114 8 -59 30 -68 -66 83 2 58 -36 -25 73 -14 41 -124 -28 -44 -54 39 -76 -25 -26 96 48 74 -36 -90 34 -111 -33 60 48 -101 -20 72 -15 113 11 -125 -17 -28 34 83 -11 73 -37 64 33 -72 -79 71 -99 -1 -57 50 -120 47 39 101 47 -45 -26 107 -71 -102 -9 -69 -11 -82 -70 -4 35 -27 -123 116 17 -86 -55 4 82 -58 -40 71 16 -67 12 48 31 1 104 10 -12 -72 97 100 18 -39 -69 111 46 53 78 -46 87 52 109 55 -122 69 -113 46 -54 -122 -124 -92 -115 -35 22 119 -52 34 52 -122 78 -88
-62 56 -122 -69 -57 -49 -115 37 -19 -99 74 -60 -56 -23 -76 -43 -123 13 93 76 -89 98 39 110 -49 -95 32 116 -49 47 101 73 -87 -17 -119 -47 89 59 93 124 22 2 41 83 89 -71 -86 99 89 -92 31 -102 19 -45 -36 -127 -66 31 -52 34 -99 -93 -14 -113 -119 39 -61 64 11 109 111 101 -3 -85 110 -89 -29 -40 -14 -98 -102 -2 -114 -19 -25 -85 -8 24 127 -12 8 100 82 14 85 -38 -56 -98 4 -102 127 -64 37 -120 1 118 33 -124 -29 -33 -73 -107 -14 26 -80 23 113 24 -115 68 46 126 -2 -17 -73 37 39 87
-118 102 -10 76 74 -66 124 -36 -104 21 -25 108 127 -7 -84 -65 -33 -43 21 -52 -85 116 -37 -2 91 -13 -18 -29 13 -122 124 -90 78 -45 -4 -4 -73 80 111 29 -123 -104 17 22 23 -31 -48 61 -86 88 93 123 -25 -106 -73 52 -79 -68 4 50 -27 69 28 110 -26 -13 57 -29 -53 102 -119 26 -11 -57 6 -61 56 91 -34 24 43 125 82 113 24 -112 43 60 -47 -51 51 -94 -107 118 76 57 94 -41 -29 56 18 76 -9 -57 -65 48 102 108 -39 85 -104 76 -99 6 -89 42 -91 -35 9 103 49 -53 -51 -20 40 -44 7 71
113 -111 113 -78 -22 -87 -15 89 95 92 -110 -34 -25 80 -59 89 -117 13 117 52 -72 97 -29 -65 117 95 -57 38 63 29 57 83 14 88 15 109 -96 -91 -113 56 65 24 106 93 -7 -108 72 -46 -11 -63 111 80 -63 -125 56 44 -92 88 -44 105 122 -74 -42 44 -103 -120 62 -58 76 -81 -25 77 -56 -104 25 -34 -78 120 -125 -128 -116 58 -64 -31 24 11 47 37 19 48 -7 15 67 -10 -62 44 10 -39 -112 43 -121 -38 81 19 52 -61 -26 -55 -36 -68 -126 71 -114 -2 123 -124 72 -55 62 -92 -82 -16 -77 -26 99 20 -94 -51
-93 48 123 -50 81 8 0 65 23 -124 -77 113 -67 40 73 -41 -11 -42 -27 99 53 68 8 26 -116 -46 -67 92 45 21 -109 31 -121 126 -86 39 122 113 -15 -52 47 -43 -93 -40 -18 -88 126 -11 39 -30 1 12 -34 127 -50 47 19 22 50 80 106 4 -114 70 -19 7 -66 -103 50 -109 48 37 -63 -66 -109 77 43 75 63 -30 -46 66 10 -118 78 -59 -107 -120 123 119 -128 81 -39 -12 40 102 -27 0 60 78 -8 -23 -26 -126 56 80 -114 -115 -56 -70 -74 -102 50 26 13 32 -94 40 4 72 90 67 32 0 -117 34 22 -113
-20 -54 -7 -85 11 12 67 98 -24 -87 124 -91 36 25 106 101 -2 -49 116 69 49 76 -44 -114 76 -49 -44 17 81 87 -15 115 95 84 37 123 74 79 51 3 -80 23 -12 123 -54 -46 -83 -128 11 -20 -97 126 -35 -70 123 5 -94 22 -35 -98 74 50 -18 -31 76 13 -79 112 113 10 -64 124 -89 -99 28 -66 -16 105 53 -62 -118 -26 -51 -11 -126 99 -48 -14 -7 -27 101 65 111 -109 -66 -104 -53 0 -96 -76 46 -121 -20 96 -77 76 121 16 116 89 27 -119 41 47 17 -81 122 -113 -16 69 -37 124 79 -102 3 14 -64 -57
-112 73 86 -99 -65 -67 30 -93 -64 -69 14 -37 -115 31 17 51 -90 -113 -79 -127 -124 -111 95 31 -125 -70 67 -20 19 99 -101 -119 -47 82 -120 42 16 -116 -33 -29 -2 -119 85 -26 -57 123 -64 14 24 34 118 -107 -117 37 -65 -37 22 -32 -116 -112 -68 -50 56 33 91 36 -78 -57 2 82 -21 -10 8 -109 -40 -85 -56 84 -11 37 89 -10 -112 119 -90 25 -118 28 -76 -122 55 -90 97 -2 -15 -77 -40 73 -78 78 -65 61 -4 -42 21 -85 -117 22 -124 122 33 -51 31 73 60 17 115 -94 124 122 75 56 -105 3 37 -6 -16 -66
-121 -9 69 120 22 -50 117 -70 -4 110 -92 -35 -86 -27 54 -114 59 88 52 73 95 -86 77 114 -74 65 -89 14 73 -41 91 -7 -13 -65 -56 -27 51 -75 -79 125 -46 -22 25 116 -105 -17 108 63 -45 -68 -85 25 -103 -41 68 -120 -71 -41 -15 -98 69 92 40 75 -39 89 99 -22 -83 65 34 104 -17 61 -107 72 -40 -10 -39 60 51 -25 25 49 -69 -123 -108 -60 44 -57 21 106 26 -60 -69 -91 -8 14 -26 -62 -11 74 45 -79 43 123 -104 66 -7 82 -83 126 32 -31 58 -11 -98 -25 -127 0 14 -106 88 18 -57 -51 -99 127
-32 112 -3 116 61 -58 26 40 -127 2 50 122 118 13 -80 110 47 -71 17 92 -4 -99 55 36 -19 73 109 -37 -10 44 -97 -65 43 -36 -64 99 90 -55 37 -48 -113 100 -5 35 -60 31 -87 103 74 -60 -108 -18 -43 -40 -114 108 39 -18 -90 -119 -22 0 -55 35 107 -99 -89 69 -34 54 -113 -103 86 125 9 0 -128 -111 75 -62 -47 38 -61 73 58 76 12 -83 -116 -20 -2 63 91 84 59 30 -85 -69 -89 75 54 -109 6 -89 -3 -7 119 -52 47 -31 91 -16 -106 -93 -127 77 -97 59 -20 13 -12 -79 1 12 -94 60 -43 -70
98 103 -85 -7 -86 111 -90 -70 -60 -115 85 44 -6 15 -42 -60 -66 67 -9 -123 -92 15 37 101 -45 -17 -79 -102 44 -24 11 16 81 -94 76 -54 112 -88 -75 -96 -17 -67 37 123 70 32 -5 -76 -122 -31 70 -93 48 -115 85 111 9 117 33 -44 -100 94 3 -33 -51 80 -111 -115 56 118 50 -39 9 -119 78 -44 85 1 -47 -8 -62 103 -128 -46 -119 58 103 -28 -18 116 -31 114 120 27 25 -42 36 -124 -36 88 -100 33 81 -35 116 85 124 -31 -64 -68 80 93 74 -61 -41 -122 -4 51 89 49 13 -12 62 84 107 -4 12 -124
-126 102 -104 41 37 -119 -55 117 71 -37 -127 -89 -41 28 85 82 94 6 126 126 81 15 74 107 -125 102 40 -103 -17 -64 30 -67 98 -73 123 93 -48 -101 -65 48 115 -122 -43 -53 -46 -110 -115 122 -78 -45 -13 -17 61 71 8 -96 106 -119 35 75 82 115 -90 63 -100 -80 -15 45 -93 7 -106 -66 -75 97 -105 112 -102 47 16 2 -15 -115 -125 31 -25 -107 34 -64 -86 -106 -118 -103 -82 111 -90 38 69 -16 -27 98 -100 90 -123 48 -1 -32 103 68 43 96 104 -118 -45 -92 -67 54 -66 80 26 12 -54 -5 65 -115 74 44 40 36
9 90 -18 -27 91 -60 -121 18 99 -110 93 -86 -53 59 -113 -58 -32 -53 -24 82 38 112 7 -72 -97 88 -43 51 115 -82 -47 -89 22 -33 -111 98 -2 -115 7 66 -37 -9 -15 119 -71 23 111 74 -107 92 -43 70 97 110 98 12 -67 -113 6 126 108 -3 -58 8 -87 15 -31 29 -13 -7 -15 -36 -21 -45 1 -119 -29 105 -22 -109 41 124 37 -125 122 -24 105 123 23 -98 20 -41 125 -36 46 94 104 -118 79 82 -76 23 27 -76 -105 -127 59 93 -6 -92 67 -20 -56 79 119 117 -87 -82 -117 39 109 76 43 -112 -68 -77 -6 13
-81 -125 -23 -117 15 38 -50 -64 -92 116 76 105 65 -105 117 -46 -34 10 -105 -50 101 -89 69 73 -86 -61 88 14 126 -34 22 -87 -128 2 1 123 83 -1 98 -108 6 75 3 -26 93 -110 -32 3 -61 12 -10 42 -97 -111 41 -72 -99 -117 32 -26 -112 -104 -7 -69 67 -25 40 68 -102 -7 34 6 125 -49 -104 7 -122 101 31 -1 105 -48 78 -68 101 45 14 109 -117 -47 -12 -59 -47 -115 98 0 -73 -85 -112 -62 -3 19 -59 -78 -85 -91 -58 8 -61 25 110 -122 -108 -78 -124 52 91 49 12 -107 127 -127 -124 115 -9 74 -5 -21
92 53 47 49 -114 -111 -30 4 -114 -63 124 71 -48 -24 0 37 99 61 -66 -85 63 -127 33 -8 -11 17 66 -33 102 62 -1 40 -85 0 109 -23 27 124 -82 -128 -26 29 54 47 87 46 72 -125 20 19 63 -53 123 115 -1 77 -105 10 36 -51 -94 21 -101 29 -96 13 -101 -37 -63 -117 -8 65 -106 117 -17 79 -107 -117 95 -32 57 113 92 19 -60 74 86 25 -83 -33 -59 -109 104 3 -101 -8 39 111 -121 -108 -104 -45 46 57 -42 41 -116 -33 -111 -71 -128 -103 52 -49 -65 68 90 109 -109 -98 8 14 -51 48 -123 -21 -81 80
97 -44 -66 53 -42 49 121 -102 122 96 -25 68 -46 -82 106 118 -118 87 2 -55 -66 10 -17 54 -99 6 -38 12 11 0 -92 6 30 -88 -103 11 -57 33 88 98 -70 14 -40 61 94 -77 -125 93 -86 -8 117 116 85 -33 2 70 -57 -39 -86 -57 25 -30 -101 76 108 1 -108 75 -74 67 -113 72 -10 84 115 40 -45 -63 88 17 -103 -8 10 20 45 104 -110 58 -7 5 -34 70 106 65 -121 -11 3 -100 44 113 -12 -125 -34 77 84 27 -28 -119 113 -113 -40 62 -45 -125 60 -91 121 -56 69 93 -91 -118 28 65 33 120 -17 109
60 -39 -13 -107 -20 67 -3 -125 89 46 -96 4 -121 102 124 -6 60 75 -56 -72 37 -8 74 106 -44 -66 -72 -58 122 91 0 -85 -30 81 43 51 -112 -7 -118 -118 45 54 58 -121 104 -123 -98 -18 39 92 17 95 -95 30 -26 -18 -31 -33 73 -15 -63 -25 124 7 73 88 28 0 -41 -40 -4 -8 -60 21 -64 10 -104 57 47 50 -122 -28 -62 37 -31 95 52 10 -14 5 -56 -40 127 82 86 10 -68 -82 98 -103 88 -4 78 42 -67 -56 1 -47 116 -37 59 5 59 -36 -117 -85 119 77 103 -113 -7 62 -34 14 74 41 46 79
-99 -45 -22 -47 111 -124 -43 -55 120 99 -61 117 -100 16 82 102 24 -36 -70 119 3 -19 -23 36 82 17 64 30 21 102 12 67 -122 -51 -108 30 -44 56 -128 -48 -107 69 -63 124 -9 -114 118 -89 -101 125 -92 99 26 11 70 38 89 31 91 67 64 113 -54 -42 -18 -7 -57 -48 3 105 -93 -18 -75 119 19 -35 -91 -101 -18 89 -121 -72 6 -77 -8 5 55 -123 -48 61 53 -4 75 29 -41 75 11 74 8 125 108 -25 30 108 2 57 2 105 -74 29 25 1 -123 -90 -52 -98 -111 107 104 -92 122 94 -14 -122 -3 31 -17 -27
-50 -98 -115 102 5 -73 -93 -90 -50 123 3 9 -47 -76 -20 -97 105 36 -65 -77 -18 -128 67 118 -20 10 -12 44 -98 -124 45 -51 -30 79 107 36 -125 -89 -59 -60 0 -128 -63 -97 -35 -57 -26 69 -84 -87 -11 -62 44 122 -65 7 108 -60 -31 -113 -1 -49 -4 95 -13 -22 57 -75 61 -21 118 127 126 72 94 -95 -128 12 13 -108 -111 111 -9 -79 29 73 32 -92 -37 70 -6 47 34 -77 -17 113 114 -125 44 -116 115 91 -105 -74 100 -92 -109 -102 59 4 0 -117 -107 -76 -39 -94 -65 48 -64 92 94 86 -120 -47 120 61 85 -110
-27 102 -6 -52 17 -70 -69 118 -90 92 -53 -63 79 38 33 66 1 -85 -93 64 15 -72 8 -25 105 -21 -2 127 86 26 43 -112 109 70 50 8 -111 -34 -84 54 108 -60 55 113 53 39 96 17 22 -67 8 -27 77 -75 65 -90 -14 10 -49 -101 47 -20 25 32 66 -26 37 -24 -117 97 -60 40 9 -121 79 -53 114 121 -122 114 -88 107 -49 -2 54 47 -76 -11 51 -125 -76 40 -81 -16 -78 3 -124 -29 -121 -10 10 119 21 104 113 45 -26 111 126 -72 -108 -65 6 114 -1 98 -10 45 -22 -61 44 77 52 51 -56 61 -101 110
8 125 -37 -3 72 -40 26 -33 108 -63 54 -95 101 46 9 69 -110 48 34 -27 -126 116 127 -42 69 40 -45 52 93 -68 87 -73 121 -63 110 -56 101 68 -114 -49 -28 118 30 -102 -22 1 72 1 29 -120 -20 104 27 36 70 -72 17 -38 4 53 58 -15 97 58 11 65 2 29 -79 -115 -82 -109 -56 -75 97 74 -40 -111 38 13 -125 102 108 85 -16 70 31 19 -117 120 67 -5 -71 79 79 -48 50 13 21 97 15 -66 -30 -117 57 -17 26 106 3 64 -90 3 -10 -33 4 -59 100 91 -42 -112 60 -105 8 27 39 39 -102 89
126 -75 78 6 85 103 -119 115 29 80 54 9 53 -53 84 -61 -61 48 -118 112 -72 38 115 -103 75 88 -96 -50 -9 93 -26 -55 -49 -44 66 123 -83 -23 -41 -78 -38 -110 114 102 -49 8 -57 -126 97 92 -18 -11 -117 -44 -84 100 119 29 -60 81 5 104 124 73 30 -61 96 68 58 -20 9 -51 -60 6 10 45 -69 -31 -109 37 -96 34 96 -47 -91 79 -20 120 43 28 -54 -78 -3 -94 -102 73 -68 -67 105 43 -83 50 60 63 -99 -103 77 87 122 -64 13 27 27 -92 -87 -124 103 -18 52 -34 -101 67 14 36 -99 116 42 21
-2 -96 -32 -15 -56 24 -61 -88 -53 -108 105 101 -31 104 42 -119 78 -116 -52 -46 -90 -18 11 -28 -117 -83 -28 -7 74 -115 -11 -89 118 70 71 3 -39 -97 -102 -89 -96 88 115 -93 50 -90 86 -6 -88 -100 0 54 70 36 -53 -83 -98 -103 26 84 22 -58 -85 -77 -5 -92 83 -114 -53 -50 -68 19 -93 -11 24 -54 84 -111 -126 -11 68 -53 61 -119 -65 38 86 55 -124 -109 96 116 49 -14 10 -10 -12 19 75 42 29 36 43 -50 63 86 85 118 -67 -69 72 34 -37 -126 -112 8 -17 -2 13 -5 83 -36 -44 77 -24 97 -62 122
-38 24 89 -33 -102 46 -19 -65 -55 98 19 -38 50 23 80 44 95 -88 86 -32 -34 -49 68 124 -111 39 -23 40 71 102 -115 109 -72 -97 -123 -36 115 -69 40 -64 -93 -5 -2 102 73 -96 -81 56 92 102 55 123 -81 -81 116 -30 -80 -120 74 -121 -9 113 -19 66 71 -53 17 -79 -11 -38 -82 -96 -61 -22 60 -100 -5 78 -100 121 71 -34 88 -118 -66 9 -59 -90 72 -69 -51 -70 -91 73 -108 51 -123 -116 -31 -14 -31 30 -13 -40 -73 -128 -59 86 92 -99 91 -81 46 -11 73 -72 -90 -120 -113 -28 -79 -78 -13 -2 -120 -119 43 120
-6 -2 123 109 65 -28 -31 -99 -62 21 78 42 -66 84 -8 -120 -112 104 -50 76 61 -44 78 75 66 112 -115 13 -117 -67 107 81 31 89 127 122 10 -115 -35 -4 -108 16 50 22 -28 36 127 117 -114 23 38 -117 -8 -114 50 32 -76 -128 47 -78 71 33 -53 23 29 -66 31 -25 5 71 -69 85 -114 -51 109 25 -14 -90 -55 -128 110 -62 29 69 79 107 -38 -78 -77 -125 64 -23 -96 -100 2 -55 23 -31 70 53 121 -42 -35 -14 -37 99 -76 74 -122 -109 49 -97 73 118 -73 -47 -8 104 -106 92 -63 -12 49 122 -53 -124 -77 55
-41 99 -49 38 124 -119 -32 69 70 -106 9 97 -88 43 -45 -105 60 110 -47 14 -92 84 -33 0 12 51 89 61 35 -45 38 -98 -66 -32 -62 69 69 5 -89 -58 -66 119 2 104 58 -127 41 107 -52 -46 -3 -90 -110 110 74 69 0 41 107 14 -127 4 37 69 84 -74 42 -19 77 -62 74 64 -38 -90 -44 108 -16 52 22 -25 -21 -4 103 -102 21 52 -62 -106 -50 118 9 123 -115 117 -51 110 104 19 -99 96 -61 76 67 49 -23 -57 102 -110 17 89 -70 71 -123 121 47 -3 -102 -64 39 74 63 122 49 55 27 -11 70 82
107 -1 119 60 109 -90 97 -31 41 127 -113 104 -115 82 -51 111 -83 123 67 76 48 109 -74 -8 -72 -94 25 -49 -70 -96 -55 -73 -111 -20 25 -1 86 -12 62 3 -33 -69 40 51 89 123 92 36 92 24 -16 -93 77 -4 69 -47 7 -31 41 -79 -102 41 -41 -101 -111 25 -91 -5 68 -102 117 -12 -85 86 -39 -52 47 -23 96 -4 94 46 80 92 -3 88 -6 69 -36 -59 -106 22 121 -51 10 -110 -56 -97 -62 -39 58 -50 33 43 -101 -97 -51 89 -122 40 98 -91 7 3 -116 78 53 10 -35 46 -9 -81 20 127 120 -75 12 -41
-102 -88 105 88 -5 14 -41 88 75 82 -103 -22 -91 63 84 -12 -35 68 35 -96 49 -47 84 -69 -108 -66 -76 87 93 81 -76 67 -9 -53 -52 -113 56 -103 9 122 61 -33 43 -39 55 -15 -74 34 92 114 -13 107 23 96 -23 -94 57 74 116 117 9 86 -47 -76 0 -118 124 35 -26 -2 -79 -31 19 -63 -53 48 71 57 -97 -1 -78 -52 94 -118 -90 122 -89 -123 67 123 52 3 124 118 -48 -5 30 13 127 11 -91 -114 18 -7 56 87 -112 -41 -2 -121 22 -17 105 15 15 -111 5 -78 -124 -49 -69 48 25 -70 80 -97 122 116
90 85 36 -37 61 -47 -1 42 -97 -9 -27 -17 70 -125 34 73 -39 121 -58 23 75 -116 126 3 17 38 110 56 -97 76 59 -35 31 -46 -48 -47 -44 80 -121 -33 -38 -48 -74 -44 -89 -12 124 -59 117 2 -118 -123 50 72 -123 12 -54 70 -10 -118 -90 57 40 90 -60 26 -128 -62 -5 -87 -119 -118 -89 50 0 61 -1 -112 -43 64 79 -84 89 32 -115 64 36 72 35 100 -112 69 102 33 -116 -27 -5 103 87 68 11 -51 -23 62 -25 -127 -56 91 -53 -47 40 -29 112 87 -26 56 -74 -73 61 -48 36 -11 32 122 -46 20 -56 -68
75 -24 -103 102 51 -54 69 77 34 -104 -77 22 58 87 -15 -121 -48 0 17 22 -100 2 -75 -67 9 57 69 -120 -27 119 -91 -51 -120 -16 31 127 17 48 13 27 112 118 46 -95 108 -32 -126 -19 92 -28 7 61 25 -26 62 41 -34 -115 -82 82 -5 44 31 -92 -27 0 0 -33 59 22 108 -41 -5 101 -28 -78 94 95 0 7 121 -45 -56 -103 -69 -12 -32 31 58 36 36 63 -110 13 -124 -59 -116 -102 97 -13 1 -117 92 -62 -101 -75 54 54 -118 82 95 -117 67 -89 -40 106 61 -89 29 82 -112 3 6 -91 -101 -3 -89 -121
-4 74 -50 107 -122 15 -46 -36 -128 -38 -32 -23 -121 -40 -114 -82 25 122 -91 -50 -61 88 -13 0 -69 7 -20 113 120 78 -117 123 -12 -39 27 125 127 49 69 -21 36 25 106 -78 44 57 107 21 85 14 -90 40 -15 122 -42 23 118 -58 -61 -101 127 -7 23 -114 72 -52 34 38 -17 -6 28 56 38 76 74 83 42 7 67 70 97 -53 -69 47 36 94 87 59 -60 -40 86 -22 -37 112 16 -91 -115 35 -112 -30 13 -2 -79 -12 41 43 35 -28 -56 -63 44 -27 6 -38 119 22 -34 -91 65 -30 12 -28 46 97 -30 34 -5 -111
3 -57 87 109 104 -24 -47 74 -112 -98 52 -115 -123 -119 -61 -127 -88 78 -2 -82 55 37 75 -87 29 59 58 -100 53 -58 -29 50 -106 -31 -2 -79 -27 113 -72 -70 -105 -54 59 -40 123 -96 86 88 -6 -113 44 1 36 -93 -124 26 107 -34 -92 33 59 48 85 64 -94 44 -19 59 70 27 78 -71 6 -39 94 99 -40 1 -38 64 -52 102 -76 125 -111 20 -121 86 -33 118 48 41 -80 38 65 10 -91 79 -23 88 -128 60 -125 -121 74 13 -83 71 -15 -102 -7 -44 -20 -21 58 -50 -124 -100 -43 23 -33 -34 -83 96 60 99 -90 112
-1 6 114 -118 -118 -38 46 -73 -99 -109 -104 -128 -31 115 -80 -117 -23 -41 -109 -58 112 4 18 24 -115 -122 -52 -10 -109 17 -1 10 -87 64 -21 35 76 116 -113 -24 44 29 -115 -102 -77 56 -100 116 -21 -28 -54 44 16 104 19 -107 120 77 -61 77 126 -17 -5 115 114 42 -16 -81 37 -113 117 -120 -114 38 -59 -22 36 -62 120 9 -14 60 -99 5 4 -76 -107 114 114 31 41 -13 -81 1 -75 -10 0 39 65 76 -79 -81 -71 -100 37 75 100 117 126 112 123 119 75 -79 8 76 -84 -37 27 -13 -59 -42 119 -109 -24 97 75 80
110 -63 -112 78 -112 103 -5 46 -112 -11 -116 -111 -118 71 97 -25 -123 14 -24 -68 23 -101 -1 123 47 -37 -79 -89 -61 -26 -70 40 38 28 16 -78 112 27 105 65 -110 41 -65 7 -34 -104 12 -123 80 93 115 43 -97 55 114 27 42 121 -26 -8 -81 120 119 113 -107 29 46 117 97 19 116 -67 -73 76 3 -67 -54 5 -109 -64 -20 -88 -35 67 -97 -28 38 89 -45 -62 68 94 -62 -4 -128 114 19 16 99 15 31 -84 -115 -33 -14 127 74 -12 -109 -53 126 44 -89 11 31 24 39 87 -25 106 -67 -6 70 -19 -31 -126 -38 -104
44 -81 -95 14 116 -88 -91 -4 108 -82 60 -22 54 65 97 71 94 -82 5 -26 -6 100 -125 38 103 -71 -126 50 62 -104 -29 -96 76 -104 69 -105 16 51 -86 92 -48 0 34 -86 126 -119 -70 30 6 -92 104 89 68 -11 -34 115 -83 -45 -27 69 84 59 -113 26 122 -39 -115 -56 30 38 8 80 -52 50 20 -32 -5 -89 69 124 53 -110 -112 109 33 -19 22 73 -38 2 -19 81 18 -107 75 -3 6 76 -59 29 -8 -94 38 22 2 20 51 -72 26 -52 64 18 110 -104 -44 -117 -103 -79 41 -116 -115 106 -26 -18 63 -9 34 -30
91 -54 -79 44 -66 -54 -102 -20 -71 -52 -105 84 -91 9 -81 -95 45 83 -55 90 21 -115 19 -118 -21 -128 -28 -120 120 -95 -73 -127 -59 -109 1 -66 121 19 -41 -37 -79 103 78 -42 -103 20 -106 -66 -116 65 -48 -80 -76 62 -83 14 -58 75 15 77 47 123 6 108 125 34 -8 68 -55 -128 127 -119 10 -85 -49 4 -56 26 -19 -17 90 -111 33 123 16 84 106 42 -33 -123 97 -92 -34 31 14 -107 126 18 -49 102 101 -116 42 28 -90 9 80 -99 48 -60 -3 -34 60 -58 70 -87 -122 66 104 67 112 -21 -69 50 70 51 -29 -65
-9 66 -116 -100 -127 -30 29 -97 -17 -71 91 16 63 -92 -25 -101 65 -20 20 -21 -3 102 40 -2 -107 -59 -3 58 -82 3 99 15 -128 39 18 102 86 -82 -126 -72 36 -52 -106 69 26 -82 -127 13 20 -58 5 89 -44 -79 69 55 103 -100 -17 -120 -94 -106 115 -65 113 120 -24 -49 -18 -85 26 -126 -67 -20 115 3 30 71 64 84 27 106 -5 -22 100 -54 123 87 -55 6 -77 -69 -56 45 47 -32 -76 86 80 -50 -44 62 -80 112 23 67 -121 114 -66 113 40 83 -80 -16 -49 -53 103 -25 -65 -47 59 -11 25 -38 -85 -91 -93 25
42 -97 115 -128 13 2 -12 -25 120 -127 -41 88 -17 -127 107 -99 121 35 35 -89 -119 -29 24 -23 27 76 -62 -76 -38 126 121 87 101 -125 -39 -63 -94 -10 106 5 -58 23 -10 98 41 -75 64 27 109 127 89 -76 -91 52 -96 -36 -122 48 -86 76 -70 -19 -127 -83 -43 -46 92 78 -125 -108 110 17 -53 -72 -47 109 106 -50 -63 13 -117 -19 21 -99 29 105 68 116 -50 24 31 -73 83 -46 -27 -126 -102 21 -82 62 -21 -7 109 101 127 -102 -83 -78 -48 -48 -124 109 35 100 -52 -55 -76 6 25 -67 17 19 47 -86 -48 -2 49 -117
10 89 -75 -84 121 95 -50 89 60 -108 -57 -5 73 -125 -62 -85 -29 -80 -108 -100 25 -77 26 -27 -1 70 -38 -46 26 76 -124 -12 -77 -62 -75 -19 -49 -95 -77 -45 -101 73 -56 -122 4 104 -80 -19 -26 77 -23 -29 85 94 45 -49 -25 -24 -104 -104 113 -120 -11 6 53 -87 -37 -2 -105 15 -66 -118 108 19 -29 83 102 63 -55 23 -21 -99 4 81 -21 26 -93 -89 -106 -58 24 -108 -36 5 117 121 110 -113 106 25 -85 28 -58 37 -122 -12 39 85 13 -125 -121 -126 77 68 107 -68 17 -16 -128 -118 40 29 -115 67 -3 -102 -115 -59
94 -95 -119 100 68 -43 17 67 -110 -89 -34 78 112 34 30 -105 2 -108 -8 -101 -101 -64 -3 41 8 65 -47 -126 107 -114 -76 13 79 84 -108 -79 -77 22 64 -17 87 -128 -66 -59 47 119 -27 -83 -65 -85 62 29 30 -52 -32 -120 -115 58 -33 -30 -36 43 -86 3 46 -5 -110 52 14 -17 61 3 114 -98 -29 -38 46 -4 80 -125 45 -20 8 -89 -31 86 -1 36 -124 -15 -116 -48 -12 83 2 -36 10 -110 -29 98 -12 117 -74 -5 -65 -32 -30 117 -110 49 6 -11 100 13 -97 -75 72 -56 21 50 -9 -112 89 73 -70 -55 25 1
73 -82 122 -59 110 58 59 -34 13 -115 -101 99 -116 30 -51 -78 29 -78 -31 -86 -50 -54 38 -121 -24 -39 -4 42 -51 -128 103 -71 9 94 14 -107 46 111 -82 31 60 -110 -47 121 -52 2 -107 -62 101 52 -36 51 29 110 62 45 -19 -68 1 87 -53 112 -123 112 108 -67 -111 17 105 -25 46 -63 -15 39 -113 -6 24 103 -103 70 -69 47 -77 31 72 127 121 39 15 26 -37 7 54 -71 -53 -26 32 18 -87 -8 108 97 81 52 126 -44 -21 66 80 46 24 -57 114 19 30 -83 -13 -103 36 -52 -20 110 81 -85 -14 36 6 -26
-15 -67 13 -18 -117 48 -9 -20 -113 9 -100 -46 -103 53 -30 13 -107 83 121 -110 22 -56 -91 -30 81 -73 -81 88 92 123 -128 91 122 66 7 69 -37 -57 -120 34 -20 -16 -66 11 72 113 117 105 -37 -125 53 122 92 -79 68 -35 103 106 21 -110 -21 -70 -109 124 -25 -16 -60 68 -29 -32 -104 54 30 89 -80 -60 116 22 43 68 41 -1 -36 -34 118 -106 125 19 9 49 -94 -72 -10 67 -110 97 -76 -29 126 73 -85 -19 -111 -103 -47 107 108 -92 50 -9 34 71 16 -43 -117 87 -64 -4 111 38 -102 -89 -35 41 7 -72 -53 87
54 -91 -100 -113 -46 59 -109 97 58 -1 28 79 -53 -59 -126 -9 -71 25 52 32 58 -34 -32 118 76 107 44 103 -115 41 -32 80 72 -61 44 63 104 0 -4 94 -110 31 37 15 17 108 -53 -125 42 116 -89 86 -84 -51 16 114 98 -52 -82 -57 75 38 -80 -63 -41 107 -124 12 -58 -77 -41 33 78 -8 -86 -53 -82 46 99 -12 -74 -66 92 119 50 -34 30 28 -85 -128 104 -71 -63 34 61 20 78 -21 -121 -124 -27 -79 -13 69 -122 -71 -21 -45 -7 -56 -78 13 47 -12 36 0 44 -116 -40 15 -119 75 -62 -121 -125 2 -2 23
9 101 -86 15 -5 112 105 -73 116 126 80 95 123 -87 121 46 -94 -44 -23 52 94 77 41 123 -127 90 -6 31 -90 -107 -106 109 78 104 57 116 80 23 -90 -68 -34 75 -47 117 50 45 -58 122 13 -96 -125 83 -42 23 4 84 -82 120 20 27 99 -5 -10 119 -41 -93 94 -4 -91 -93 6 121 -35 47 -24 -125 109 -82 -70 -9 106 122 -77 27 -38 77 -19 32 -46 96 -76 125 86 15 -85 -60 -122 -110 -17 81 -54 -26 -23 -75 43 93 -79 -41 -127 74 74 -14 73 13 108 -90 90 57 -88 -64 48 -112 56 72 -49 27 -60 90
17 53 -14 62 -109 -3 119 -114 126 -32 16 119 19 116 -123 -54 -63 43 117 95 27 21 -6 -83 115 103 -65 14 100 -26 -68 -103 35 67 109 -103 -119 -87 2 2 105 50 70 -5 -115 -96 84 90 53 -47 -50 -48 -58 93 10 -17 88 -77 -83 3 -118 99 106 -61 -7 -48 -68 -51 -85 -123 85 97 -27 -18 32 92 5 117 78 107 40 80 -91 88 116 -124 -4 1 -113 -45 66 -48 -114 100 -6 40 85 -87 -2 25 -128 -32 62 -113 -93 -43 -96 -18 -31 -42 -26 -41 14 -51 58 104 -122 71 62 -29 -40 98 118 -81 118 45 -26 1
-125 -44 30 50 -60 -123 -63 89 -27 4 -22 120 104 61 -65 79 -33 91 94 -84 27 71 0 -126 -14 -110 52 -77 105 -25 70 -89 -61 90 23 49 -94 31 13 -32 41 33 -10 71 -115 19 -109 3 -1 31 20 -3 -15 36 -29 27 17 -23 -108 28 -22 -63 119 -92 40 -38 -14 -74 109 -99 -64 50 74 -29 -125 -6 -90 -101 -118 100 -86 62 48 -100 -61 17 -59 -71 -101 53 -56 -46 60 111 -75 10 15 -46 103 -56 114 -70 -31 125 34 119 82 -15 100 29 101 36 106 66 -100 110 -25 -2 95 -105 50 14 -25 -82 -84 24 122 69
-44 -31 65 -26 -76 -126 -124 2 25 71 23 29 75 126 44 -100 44 16 -47 114 -47 -112 97 3 127 127 -107 -94 5 -30 -41 65 -45 118 121 106 71 -126 125 -99 127 112 63 -108 -60 23 -77 -37 -33 94 -111 -5 -35 109 -105 -107 -22 -128 -32 -12 114 2 72 -90 -37 6 40 -75 32 -12 -16 -115 107 -99 115 -40 41 3 100 -71 82 -84 -60 -12 29 17 -56 -12 13 -1 -2 93 114 15 26 74 -20 -107 -1 116 9 -22 49 47 -74 -48 88 4 8 107 -24 22 -103 92 62 94 33 -24 17 124 -111 -94 49 27 113 49 52 -10
47 73 -35 -39 -112 110 -58 106 -79 54 54 -79 -66 -116 -82 -42 -57 -77 67 -23 -34 95 -83 -19 126 79 87 5 80 -37 51 -27 -42 36 -32 -117 123 -87 73 24 37 88 -43 -91 -119 -59 27 110 46 47 37 25 12 -110 13 68 -40 52 25 -71 -3 -11 -3 85 -11 -123 -37 86 22 -23 71 74 56 -4 50 -45 -50 62 47 115 -83 -22 86 -102 -95 -121 -67 -99 62 -62 -30 -107 -124 -38 -4 80 -59 -53 103 111 -3 -110 -102 44 -52 20 -74 -98 41 2 -31 -120 12 41 -110 -92 -128 95 -102 -26 69 46 87 92 22 120 5 -47
105 -122 -103 -63 -31 93 -22 -102 49 74 -5 42 -13 -2 -46 -49 -63 111 -108 81 10 41 69 -100 70 -80 -16 27 -6 120 124 -128 -112 120 -99 117 71 58 -71 99 27 -39 -7 53 -90 93 -90 -88 -21 -56 93 -100 -44 124 98 -4 41 117 115 14 82 -78 -81 -114 -13 -110 91 55 106 95 88 79 70 -111 -51 77 38 -117 14 65 34 126 60 -122 -15 24 91 81 74 -14 -120 56 127 -18 127 54 -25 81 -33 83 -88 -89 52 89 -88 0 -80 63 27 -1 -99 -52 -34 -48 -87 3 123 -17 75 -59 36 92 -64 -11 -30 -24 74 -118
-69 50 38 12 -39 106 50 120 27 7 -29 52 56 2 -41 -50 -1 -100 -60 108 58 -13 -72 -70 -97 -123 118 29 -80 -117 -7 -111 107 -101 -55 99 -2 104 -120 -18 3 17 5 51 -64 113 -128 79 -91 -2 -2 -111 119 81 80 -47 39 -58 -74 0 -116 -44 70 71 -44 -85 -41 -55 75 13 -99 70 -52 -71 -127 -55 -8 22 63 111 -14 -111 -98 -37 91 -1 62 -63 47 -45 18 -48 -71 17 69 21 21 72 -97 20 -20 111 111 109 -116 2 -128 47 111 87 -98 -68 17 66 76 -60 39 -39 4 -94 31 -97 -72 -95 -17 -90 -27 -31
29 -106 -114 -113 55 25 -112 105 65 9 -28 19 -91 37 97 63 -128 -70 38 -81 -105 -93 24 -119 13 -109 -34 -126 8 0 116 69 84 -71 1 109 -75 -72 43 -13 82 -120 2 9 -48 121 19 42 -115 47 42 -105 8 -71 98 53 6 45 73 87 27 -31 16 13 37 -84 51 123 35 1 -39 50 -88 -2 87 -14 26 110 35 34 -34 25 96 -118 76 -125 -20 46 57 -3 -105 -98 -83 -55 25 -102 -48 -113 52 -31 -70 -19 103 65 23 28 49 98 126 -54 47 -3 114 92 101 -91 106 -126 -44 -80 72 -125 113 82 119 31 65 -49
118 -5 85 -125 80 -55 91 30 117 -20 -105 -11 -3 43 66 118 -110 -74 119 36 74 -109 -90 -80 15 -121 -11 -113 102 97 -79 101 -3 -105 -31 29 -40 -109 19 37 100 -9 68 113 111 86 -38 -1 -64 75 -122 -87 3 -99 69 -34 90 79 71 58 20 75 -24 -89 111 19 109 27 47 44 98 -98 62 73 -29 -81 -31 113 4 -95 -104 12 22 -127 82 106 -26 -70 -88 -9 -32 -126 9 -72 -58 90 -56 -75 -73 8 71 108 63 -66 92 125 -39 113 111 23 -62 -37 -87 65 112 36 -109 -9 20 110 86 -38 92 54 -61 37 116 -6
119 119 -19 -2 78 -105 19 23 -1 44 118 20 -9 110 -89 84 -62 31 -39 -96 87 -74 18 -92 107 -48 -9 96 -104 -108 34 8 -44 -50 67 66 35 -42 -53 -103 -6 119 9 127 46 77 115 10 -96 18 -73 -52 -94 -77 -87 24 -86 86 -99 -70 -36 3 76 11 -91 24 -118 -96 100 64 -63 -35 -46 -13 86 118 -73 -60 -77 89 -22 -105 104 71 -93 -86 -60 -49 103 -65 20 -86 -29 65 16 67 -63 92 -4 13 -35 57 79 -14 20 54 108 -23 101 -108 -80 78 -29 73 71 -90 -82 -77 34 74 -30 29 -3 -87 -37 0 -90 82
-66 120 37 118 -66 104 92 48 113 -95 -110 -50 123 72 -119 66 -50 -86 -126 113 -22 19 29 71 30 -72 -37 -109 -37 -67 -40 64 -77 -80 119 -11 -124 -38 -33 -28 68 54 -82 -95 6 3 11 -78 105 62 -71 -127 -87 -1 -38 120 -125 29 67 13 39 10 29 -63 108 -87 -88 -99 -28 92 121 122 27 25 86 56 13 62 -88 -102 -84 65 55 50 -128 25 52 83 -54 -89 -92 -83 93 -118 -90 -74 -50 -125 -106 113 0 -124 57 84 -128 -51 22 56 -32 -104 54 -111 -12 71 -57 -52 -117 -65 96 93 -99 -40 16 53 5 93 -103 -21
-59 72 -33 59 57 -46 65 108 -98 -91 28 -41 -110 -21 -20 36 -22 18 -90 -32 -112 -32 -80 4 -9 -25 110 -37 -47 45 -74 17 75 52 90 29 -119 -88 -43 9 9 -57 1 102 90 -38 -125 -93 -52 -28 -42 -84 64 102 107 43 103 -108 -115 96 28 -25 64 -83 118 -58 -108 -121 -51 43 18 86 -41 115 -117 41 58 43 -102 -112 -7 42 -104 -22 48 29 -45 116 27 -19 17 74 -21 -89 -94 -90 25 -16 32 56 84 -105 77 -89 -17 -40 104 -6 -52 -42 113 -111 -104 -58 84 36 -123 -49 -38 -90 -94 -76 -12 0 -52 -64 113 18
59 44 63 79 -85 -114 -34 -37 79 35 96 -7 -69 -93 -112 111 -107 13 109 5 100 29 71 -35 113 -99 -94 -64 126 25 -105 109 -20 -103 100 26 -116 -58 126 -114 -16 -85 11 -51 -30 124 -51 -72 5 98 72 19 -108 63 57 87 -4 -122 -16 -85 31 -6 102 -87 -30 119 82 -88 -105 105 31 -62 -109 -10 66 -22 -43 -102 -120 -33 -81 -117 -60 -19 122 -121 14 21 -122 79 34 -60 -60 0 -18 -28 73 -44 48 -95 -104 126 38 -60 47 51 -119 -118 32 -33 40 -4 74 23 -11 -122 90 106 -89 8 91 -47 4 -59 -112 5 -32 118
98 -122 -68 -10 22 -36 -117 45 -3 -108 107 57 -100 -60 -78 -79 -100 -79 17 -7 -15 10 102 66 78 95 -17 103 -27 -101 -84 123 -39 -86 -124 -119 5 -60 21 -90 -62 70 -65 -82 35 -43 9 -87 75 98 40 -42 51 59 -37 -99 -51 74 86 19 99 -41 -17 -54 56 106 -52 90 95 -35 -85 50 94 85 38 -39 -123 93 -80 -43 -99 104 26 -60 -37 88 -17 -104 121 119 87 -113 53 -65 -63 33 65 113 -64 82 -67 -11 -17 70 104 81 -79 -31 26 76 48 -25 -100 -99 -47 18 103 3 52 42 39 -55 74 123 -31 62 74 22
-23 0 -24 -128 47 90 69 36 -19 -72 -68 -91 32 -9 -128 -20 -7 81 -13 71 -124 -79 -93 -6 54 85 -100 78 0 9 32 80 -117 -31 109 68 51 32 -51 22 -29 66 -8 9 68 -61 -93 -104 -102 -33 22 122 -113 -2 36 -121 113 -39 -20 -27 92 -30 97 2 -22 123 -104 26 16 83 -18 11 -12 115 -72 -112 -58 -28 112 80 120 -22 108 -24 -33 104 125 58 -126 68 117 56 124 49 50 -71 -111 125 -99 -67 114 -84 -87 75 -63 47 30 113 32 56 -115 33 97 -120 81 47 38 37 55 -69 -60 10 30 -55 -34 -57 -112 4
