44 0 0 0 0 0 0 0 0 0 0 0 0 0 0 0 0 0 0 0 0 0 0 0 0 0 0 0 0 0 0 0 0 0 0 0 0 0 0 0 0 0 0 0 0 0 0 0 0 0 0 0 0 0 0 0 0 0 0 0 0 0 0 0 0 0 0 0 0 0 0 0 0 0 0 0 0 0 0 0 0 0 0 0 0 0 0 0 0 0 0 0 0 0 0 0 0 0 0 0 0 0 0 0 0 0 0 0 0 0 0 0 0 0 0 0 0 0 0 0 0 0 0 0 0 0 0 0
-13 -118 0 0 0 0 0 0 0 0 0 0 0 0 0 0 0 0 0 0 0 0 0 0 0 0 0 0 0 0 0 0 0 0 0 0 0 0 0 0 0 0 0 0 0 0 0 0 0 0 0 0 0 0 0 0 0 0 0 0 0 0 0 0 0 0 0 0 0 0 0 0 0 0 0 0 0 0 0 0 0 0 0 0 0 0 0 0 0 0 0 0 0 0 0 0 0 0 0 0 0 0 0 0 0 0 0 0 0 0 0 0 0 0 0 0 0 0 0 0 0 0 0 0 0 0 0 0
55 -120 -1 0 0 0 0 0 0 0 0 0 0 0 0 0 0 0 0 0 0 0 0 0 0 0 0 0 0 0 0 0 0 0 0 0 0 0 0 0 0 0 0 0 0 0 0 0 0 0 0 0 0 0 0 0 0 0 0 0 0 0 0 0 0 0 0 0 0 0 0 0 0 0 0 0 0 0 0 0 0 0 0 0 0 0 0 0 0 0 0 0 0 0 0 0 0 0 0 0 0 0 0 0 0 0 0 0 0 0 0 0 0 0 0 0 0 0 0 0 0 0 0 0 0 0 0 0
14 -60 -83 12 0 0 0 0 0 0 0 0 0 0 0 0 0 0 0 0 0 0 0 0 0 0 0 0 0 0 0 0 0 0 0 0 0 0 0 0 0 0 0 0 0 0 0 0 0 0 0 0 0 0 0 0 0 0 0 0 0 0 0 0 0 0 0 0 0 0 0 0 0 0 0 0 0 0 0 0 0 0 0 0 0 0 0 0 0 0 0 0 0 0 0 0 0 0 0 0 0 0 0 0 0 0 0 0 0 0 0 0 0 0 0 0 0 0 0 0 0 0 0 0 0 0 0 0
41 105 70 -123 -81 0 0 0 0 0 0 0 0 0 0 0 0 0 0 0 0 0 0 0 0 0 0 0 0 0 0 0 0 0 0 0 0 0 0 0 0 0 0 0 0 0 0 0 0 0 0 0 0 0 0 0 0 0 0 0 0 0 0 0 0 0 0 0 0 0 0 0 0 0 0 0 0 0 0 0 0 0 0 0 0 0 0 0 0 0 0 0 0 0 0 0 0 0 0 0 0 0 0 0 0 0 0 0 0 0 0 0 0 0 0 0 0 0 0 0 0 0 0 0 0 0 0 0
-30 -72 63 -12 80 42 0 0 0 0 0 0 0 0 0 0 0 0 0 0 0 0 0 0 0 0 0 0 0 0 0 0 0 0 0 0 0 0 0 0 0 0 0 0 0 0 0 0 0 0 0 0 0 0 0 0 0 0 0 0 0 0 0 0 0 0 0 0 0 0 0 0 0 0 0 0 0 0 0 0 0 0 0 0 0 0 0 0 0 0 0 0 0 0 0 0 0 0 0 0 0 0 0 0 0 0 0 0 0 0 0 0 0 0 0 0 0 0 0 0 0 0 0 0 0 0 0 0
-86 -40 -45 -48 -100 -109 68 0 0 0 0 0 0 0 0 0 0 0 0 0 0 0 0 0 0 0 0 0 0 0 0 0 0 0 0 0 0 0 0 0 0 0 0 0 0 0 0 0 0 0 0 0 0 0 0 0 0 0 0 0 0 0 0 0 0 0 0 0 0 0 0 0 0 0 0 0 0 0 0 0 0 0 0 0 0 0 0 0 0 0 0 0 0 0 0 0 0 0 0 0 0 0 0 0 0 0 0 0 0 0 0 0 0 0 0 0 0 0 0 0 0 0 0 0 0 0 0 0
109 54 -25 -78 -29 88 -59 23 0 0 0 0 0 0 0 0 0 0 0 0 0 0 0 0 0 0 0 0 0 0 0 0 0 0 0 0 0 0 0 0 0 0 0 0 0 0 0 0 0 0 0 0 0 0 0 0 0 0 0 0 0 0 0 0 0 0 0 0 0 0 0 0 0 0 0 0 0 0 0 0 0 0 0 0 0 0 0 0 0 0 0 0 0 0 0 0 0 0 0 0 0 0 0 0 0 0 0 0 0 0 0 0 0 0 0 0 0 0 0 0 0 0 0 0 0 0 0 0
-115 -110 -91 -47 35 74 -17 -34 -11 0 0 0 0 0 0 0 0 0 0 0 0 0 0 0 0 0 0 0 0 0 0 0 0 0 0 0 0 0 0 0 0 0 0 0 0 0 0 0 0 0 0 0 0 0 0 0 0 0 0 0 0 0 0 0 0 0 0 0 0 0 0 0 0 0 0 0 0 0 0 0 0 0 0 0 0 0 0 0 0 0 0 0 0 0 0 0 0 0 0 0 0 0 0 0 0 0 0 0 0 0 0 0 0 0 0 0 0 0 0 0 0 0 0 0 0 0 0 0
61 -94 -111 22 -66 -106 26 -73 115 38 0 0 0 0 0 0 0 0 0 0 0 0 0 0 0 0 0 0 0 0 0 0 0 0 0 0 0 0 0 0 0 0 0 0 0 0 0 0 0 0 0 0 0 0 0 0 0 0 0 0 0 0 0 0 0 0 0 0 0 0 0 0 0 0 0 0 0 0 0 0 0 0 0 0 0 0 0 0 0 0 0 0 0 0 0 0 0 0 0 0 0 0 0 0 0 0 0 0 0 0 0 0 0 0 0 0 0 0 0 0 0 0 0 0 0 0 0 0
-87 58 -127 51 -13 94 -105 27 -94 18 -106 0 0 0 0 0 0 0 0 0 0 0 0 0 0 0 0 0 0 0 0 0 0 0 0 0 0 0 0 0 0 0 0 0 0 0 0 0 0 0 0 0 0 0 0 0 0 0 0 0 0 0 0 0 0 0 0 0 0 0 0 0 0 0 0 0 0 0 0 0 0 0 0 0 0 0 0 0 0 0 0 0 0 0 0 0 0 0 0 0 0 0 0 0 0 0 0 0 0 0 0 0 0 0 0 0 0 0 0 0 0 0 0 0 0 0 0 0
53 49 -30 41 11 53 -26 115 -75 99 -90 55 0 0 0 0 0 0 0 0 0 0 0 0 0 0 0 0 0 0 0 0 0 0 0 0 0 0 0 0 0 0 0 0 0 0 0 0 0 0 0 0 0 0 0 0 0 0 0 0 0 0 0 0 0 0 0 0 0 0 0 0 0 0 0 0 0 0 0 0 0 0 0 0 0 0 0 0 0 0 0 0 0 0 0 0 0 0 0 0 0 0 0 0 0 0 0 0 0 0 0 0 0 0 0 0 0 0 0 0 0 0 0 0 0 0 0 0
-59 119 10 78 -57 -24 5 97 64 -90 4 85 64 0 0 0 0 0 0 0 0 0 0 0 0 0 0 0 0 0 0 0 0 0 0 0 0 0 0 0 0 0 0 0 0 0 0 0 0 0 0 0 0 0 0 0 0 0 0 0 0 0 0 0 0 0 0 0 0 0 0 0 0 0 0 0 0 0 0 0 0 0 0 0 0 0 0 0 0 0 0 0 0 0 0 0 0 0 0 0 0 0 0 0 0 0 0 0 0 0 0 0 0 0 0 0 0 0 0 0 0 0 0 0 0 0 0 0
-55 -40 -24 50 69 71 63 13 35 69 -100 17 69 76 0 0 0 0 0 0 0 0 0 0 0 0 0 0 0 0 0 0 0 0 0 0 0 0 0 0 0 0 0 0 0 0 0 0 0 0 0 0 0 0 0 0 0 0 0 0 0 0 0 0 0 0 0 0 0 0 0 0 0 0 0 0 0 0 0 0 0 0 0 0 0 0 0 0 0 0 0 0 0 0 0 0 0 0 0 0 0 0 0 0 0 0 0 0 0 0 0 0 0 0 0 0 0 0 0 0 0 0 0 0 0 0 0 0
-47 -63 42 -40 23 -50 57 -99 56 -93 -28 -35 0 -98 -95 0 0 0 0 0 0 0 0 0 0 0 0 0 0 0 0 0 0 0 0 0 0 0 0 0 0 0 0 0 0 0 0 0 0 0 0 0 0 0 0 0 0 0 0 0 0 0 0 0 0 0 0 0 0 0 0 0 0 0 0 0 0 0 0 0 0 0 0 0 0 0 0 0 0 0 0 0 0 0 0 0 0 0 0 0 0 0 0 0 0 0 0 0 0 0 0 0 0 0 0 0 0 0 0 0 0 0 0 0 0 0 0 0
-124 86 -35 -81 126 123 -6 -55 124 68 -115 -34 12 40 -120 88 0 0 0 0 0 0 0 0 0 0 0 0 0 0 0 0 0 0 0 0 0 0 0 0 0 0 0 0 0 0 0 0 0 0 0 0 0 0 0 0 0 0 0 0 0 0 0 0 0 0 0 0 0 0 0 0 0 0 0 0 0 0 0 0 0 0 0 0 0 0 0 0 0 0 0 0 0 0 0 0 0 0 0 0 0 0 0 0 0 0 0 0 0 0 0 0 0 0 0 0 0 0 0 0 0 0 0 0 0 0 0 0
-34 36 5 9 -27 84 15 9 56 83 -91 -22 -33 -53 29 117 -61 0 0 0 0 0 0 0 0 0 0 0 0 0 0 0 0 0 0 0 0 0 0 0 0 0 0 0 0 0 0 0 0 0 0 0 0 0 0 0 0 0 0 0 0 0 0 0 0 0 0 0 0 0 0 0 0 0 0 0 0 0 0 0 0 0 0 0 0 0 0 0 0 0 0 0 0 0 0 0 0 0 0 0 0 0 0 0 0 0 0 0 0 0 0 0 0 0 0 0 0 0 0 0 0 0 0 0 0 0 0 0
89 -4 -91 -81 -100 117 49 -33 87 6 -92 -123 94 -36 -74 -94 126 51 0 0 0 0 0 0 0 0 0 0 0 0 0 0 0 0 0 0 0 0 0 0 0 0 0 0 0 0 0 0 0 0 0 0 0 0 0 0 0 0 0 0 0 0 0 0 0 0 0 0 0 0 0 0 0 0 0 0 0 0 0 0 0 0 0 0 0 0 0 0 0 0 0 0 0 0 0 0 0 0 0 0 0 0 0 0 0 0 0 0 0 0 0 0 0 0 0 0 0 0 0 0 0 0 0 0 0 0 0 0
-23 21 -36 93 -8 -50 127 113 3 -118 -62 -52 60 -6 27 -45 0 -57 -50 0 0 0 0 0 0 0 0 0 0 0 0 0 0 0 0 0 0 0 0 0 0 0 0 0 0 0 0 0 0 0 0 0 0 0 0 0 0 0 0 0 0 0 0 0 0 0 0 0 0 0 0 0 0 0 0 0 0 0 0 0 0 0 0 0 0 0 0 0 0 0 0 0 0 0 0 0 0 0 0 0 0 0 0 0 0 0 0 0 0 0 0 0 0 0 0 0 0 0 0 0 0 0 0 0 0 0 0 0
-119 -118 17 13 39 20 -25 -73 -48 -33 -78 -54 -42 9 -111 41 -7 -24 -75 26 0 0 0 0 0 0 0 0 0 0 0 0 0 0 0 0 0 0 0 0 0 0 0 0 0 0 0 0 0 0 0 0 0 0 0 0 0 0 0 0 0 0 0 0 0 0 0 0 0 0 0 0 0 0 0 0 0 0 0 0 0 0 0 0 0 0 0 0 0 0 0 0 0 0 0 0 0 0 0 0 0 0 0 0 0 0 0 0 0 0 0 0 0 0 0 0 0 0 0 0 0 0 0 0 0 0 0 0
33 117 -43 -42 -69 25 -116 27 12 60 -101 52 24 42 -71 107 69 -22 79 71 123 0 0 0 0 0 0 0 0 0 0 0 0 0 0 0 0 0 0 0 0 0 0 0 0 0 0 0 0 0 0 0 0 0 0 0 0 0 0 0 0 0 0 0 0 0 0 0 0 0 0 0 0 0 0 0 0 0 0 0 0 0 0 0 0 0 0 0 0 0 0 0 0 0 0 0 0 0 0 0 0 0 0 0 0 0 0 0 0 0 0 0 0 0 0 0 0 0 0 0 0 0 0 0 0 0 0 0
-21 -75 -64 -1 66 -56 -64 46 107 -29 22 -12 -85 20 -37 -86 -5 28 120 -124 -49 -46 0 0 0 0 0 0 0 0 0 0 0 0 0 0 0 0 0 0 0 0 0 0 0 0 0 0 0 0 0 0 0 0 0 0 0 0 0 0 0 0 0 0 0 0 0 0 0 0 0 0 0 0 0 0 0 0 0 0 0 0 0 0 0 0 0 0 0 0 0 0 0 0 0 0 0 0 0 0 0 0 0 0 0 0 0 0 0 0 0 0 0 0 0 0 0 0 0 0 0 0 0 0 0 0 0 0
50 4 -76 -24 113 -65 -48 63 -12 -65 66 109 -82 -54 -86 68 104 120 -84 17 36 -121 34 0 0 0 0 0 0 0 0 0 0 0 0 0 0 0 0 0 0 0 0 0 0 0 0 0 0 0 0 0 0 0 0 0 0 0 0 0 0 0 0 0 0 0 0 0 0 0 0 0 0 0 0 0 0 0 0 0 0 0 0 0 0 0 0 0 0 0 0 0 0 0 0 0 0 0 0 0 0 0 0 0 0 0 0 0 0 0 0 0 0 0 0 0 0 0 0 0 0 0 0 0 0 0 0 0
-106 90 -23 -59 60 -53 105 59 -36 -89 12 113 62 -113 43 -30 77 -23 -21 82 42 103 110 91 0 0 0 0 0 0 0 0 0 0 0 0 0 0 0 0 0 0 0 0 0 0 0 0 0 0 0 0 0 0 0 0 0 0 0 0 0 0 0 0 0 0 0 0 0 0 0 0 0 0 0 0 0 0 0 0 0 0 0 0 0 0 0 0 0 0 0 0 0 0 0 0 0 0 0 0 0 0 0 0 0 0 0 0 0 0 0 0 0 0 0 0 0 0 0 0 0 0 0 0 0 0 0 0
-63 -12 -82 -62 -100 77 -119 -73 -48 17 106 101 -84 -11 10 -14 -49 -115 -75 -112 -34 -65 122 -93 67 0 0 0 0 0 0 0 0 0 0 0 0 0 0 0 0 0 0 0 0 0 0 0 0 0 0 0 0 0 0 0 0 0 0 0 0 0 0 0 0 0 0 0 0 0 0 0 0 0 0 0 0 0 0 0 0 0 0 0 0 0 0 0 0 0 0 0 0 0 0 0 0 0 0 0 0 0 0 0 0 0 0 0 0 0 0 0 0 0 0 0 0 0 0 0 0 0 0 0 0 0 0 0
-63 75 -17 -18 30 -35 -12 -127 -68 -71 -106 115 81 18 54 -21 -96 -62 -43 84 67 -18 86 -46 47 -10 0 0 0 0 0 0 0 0 0 0 0 0 0 0 0 0 0 0 0 0 0 0 0 0 0 0 0 0 0 0 0 0 0 0 0 0 0 0 0 0 0 0 0 0 0 0 0 0 0 0 0 0 0 0 0 0 0 0 0 0 0 0 0 0 0 0 0 0 0 0 0 0 0 0 0 0 0 0 0 0 0 0 0 0 0 0 0 0 0 0 0 0 0 0 0 0 0 0 0 0 0 0
123 113 -99 103 45 -5 18 70 9 -10 32 -98 55 -32 79 27 90 -8 -74 80 -51 39 -7 -119 -75 -99 -3 0 0 0 0 0 0 0 0 0 0 0 0 0 0 0 0 0 0 0 0 0 0 0 0 0 0 0 0 0 0 0 0 0 0 0 0 0 0 0 0 0 0 0 0 0 0 0 0 0 0 0 0 0 0 0 0 0 0 0 0 0 0 0 0 0 0 0 0 0 0 0 0 0 0 0 0 0 0 0 0 0 0 0 0 0 0 0 0 0 0 0 0 0 0 0 0 0 0 0 0 0
-83 85 56 82 76 -88 41 -63 -37 -8 -87 21 45 107 118 17 8 34 40 30 -7 62 1 -125 -44 -36 57 11 0 0 0 0 0 0 0 0 0 0 0 0 0 0 0 0 0 0 0 0 0 0 0 0 0 0 0 0 0 0 0 0 0 0 0 0 0 0 0 0 0 0 0 0 0 0 0 0 0 0 0 0 0 0 0 0 0 0 0 0 0 0 0 0 0 0 0 0 0 0 0 0 0 0 0 0 0 0 0 0 0 0 0 0 0 0 0 0 0 0 0 0 0 0 0 0 0 0 0 0
18 127 12 -26 41 -31 -14 -83 -60 50 52 118 26 75 68 54 -11 0 88 -103 -87 -117 43 -73 -128 -80 -99 94 -25 0 0 0 0 0 0 0 0 0 0 0 0 0 0 0 0 0 0 0 0 0 0 0 0 0 0 0 0 0 0 0 0 0 0 0 0 0 0 0 0 0 0 0 0 0 0 0 0 0 0 0 0 0 0 0 0 0 0 0 0 0 0 0 0 0 0 0 0 0 0 0 0 0 0 0 0 0 0 0 0 0 0 0 0 0 0 0 0 0 0 0 0 0 0 0 0 0 0 0
-10 7 125 -95 64 22 -94 14 73 91 -13 35 16 -26 66 -12 -23 -77 -44 56 -117 24 -19 -34 -46 33 -56 30 64 -3 0 0 0 0 0 0 0 0 0 0 0 0 0 0 0 0 0 0 0 0 0 0 0 0 0 0 0 0 0 0 0 0 0 0 0 0 0 0 0 0 0 0 0 0 0 0 0 0 0 0 0 0 0 0 0 0 0 0 0 0 0 0 0 0 0 0 0 0 0 0 0 0 0 0 0 0 0 0 0 0 0 0 0 0 0 0 0 0 0 0 0 0 0 0 0 0 0 0
26 111 -114 -66 31 -55 -38 -19 105 -73 40 -69 54 113 45 44 -64 90 -45 52 50 -36 73 -23 -98 90 91 -16 5 -119 101 0 0 0 0 0 0 0 0 0 0 0 0 0 0 0 0 0 0 0 0 0 0 0 0 0 0 0 0 0 0 0 0 0 0 0 0 0 0 0 0 0 0 0 0 0 0 0 0 0 0 0 0 0 0 0 0 0 0 0 0 0 0 0 0 0 0 0 0 0 0 0 0 0 0 0 0 0 0 0 0 0 0 0 0 0 0 0 0 0 0 0 0 0 0 0 0 0
82 5 96 120 5 -30 -55 -88 79 -10 50 -95 -17 26 5 -117 -102 -69 6 61 61 -41 -3 63 -19 57 -59 -104 75 -105 62 88 0 0 0 0 0 0 0 0 0 0 0 0 0 0 0 0 0 0 0 0 0 0 0 0 0 0 0 0 0 0 0 0 0 0 0 0 0 0 0 0 0 0 0 0 0 0 0 0 0 0 0 0 0 0 0 0 0 0 0 0 0 0 0 0 0 0 0 0 0 0 0 0 0 0 0 0 0 0 0 0 0 0 0 0 0 0 0 0 0 0 0 0 0 0 0 0
-108 124 -92 -68 -31 -52 -48 9 -62 -6 16 -33 -102 -54 124 -12 -4 117 127 125 125 -24 115 -103 -110 -26 -77 49 -15 72 -47 94 -119 0 0 0 0 0 0 0 0 0 0 0 0 0 0 0 0 0 0 0 0 0 0 0 0 0 0 0 0 0 0 0 0 0 0 0 0 0 0 0 0 0 0 0 0 0 0 0 0 0 0 0 0 0 0 0 0 0 0 0 0 0 0 0 0 0 0 0 0 0 0 0 0 0 0 0 0 0 0 0 0 0 0 0 0 0 0 0 0 0 0 0 0 0 0 0
-52 -120 23 -110 -55 95 -55 -32 69 123 37 2 83 -112 -100 -60 -72 -10 -14 47 58 -22 62 -116 -24 73 1 -127 46 87 -33 -90 -46 36 0 0 0 0 0 0 0 0 0 0 0 0 0 0 0 0 0 0 0 0 0 0 0 0 0 0 0 0 0 0 0 0 0 0 0 0 0 0 0 0 0 0 0 0 0 0 0 0 0 0 0 0 0 0 0 0 0 0 0 0 0 0 0 0 0 0 0 0 0 0 0 0 0 0 0 0 0 0 0 0 0 0 0 0 0 0 0 0 0 0 0 0 0 0
5 -99 -9 -12 -41 -86 -9 34 -47 -118 41 48 4 -57 9 109 0 76 -63 4 75 119 61 24 -20 -74 67 -27 -104 -73 -14 34 -90 59 -12 0 0 0 0 0 0 0 0 0 0 0 0 0 0 0 0 0 0 0 0 0 0 0 0 0 0 0 0 0 0 0 0 0 0 0 0 0 0 0 0 0 0 0 0 0 0 0 0 0 0 0 0 0 0 0 0 0 0 0 0 0 0 0 0 0 0 0 0 0 0 0 0 0 0 0 0 0 0 0 0 0 0 0 0 0 0 0 0 0 0 0 0 0
-45 -99 105 61 -108 11 40 50 -81 78 102 104 -30 -116 98 23 35 15 -48 118 -54 42 -80 -13 1 -69 -29 -19 -53 -75 48 31 -60 -50 6 -20 0 0 0 0 0 0 0 0 0 0 0 0 0 0 0 0 0 0 0 0 0 0 0 0 0 0 0 0 0 0 0 0 0 0 0 0 0 0 0 0 0 0 0 0 0 0 0 0 0 0 0 0 0 0 0 0 0 0 0 0 0 0 0 0 0 0 0 0 0 0 0 0 0 0 0 0 0 0 0 0 0 0 0 0 0 0 0 0 0 0 0 0
-49 -28 -8 -106 43 87 27 75 78 62 -108 109 -14 125 109 -111 96 53 -37 -69 35 2 64 -8 -62 24 75 107 -88 19 -3 16 50 -111 50 122 83 0 0 0 0 0 0 0 0 0 0 0 0 0 0 0 0 0 0 0 0 0 0 0 0 0 0 0 0 0 0 0 0 0 0 0 0 0 0 0 0 0 0 0 0 0 0 0 0 0 0 0 0 0 0 0 0 0 0 0 0 0 0 0 0 0 0 0 0 0 0 0 0 0 0 0 0 0 0 0 0 0 0 0 0 0 0 0 0 0 0 0
35 -24 -21 118 29 -102 -42 28 18 49 -11 -125 -40 92 -92 -88 -121 -126 106 -34 -14 -48 98 -5 0 53 -90 93 84 -66 105 -91 99 14 -122 28 -29 94 0 0 0 0 0 0 0 0 0 0 0 0 0 0 0 0 0 0 0 0 0 0 0 0 0 0 0 0 0 0 0 0 0 0 0 0 0 0 0 0 0 0 0 0 0 0 0 0 0 0 0 0 0 0 0 0 0 0 0 0 0 0 0 0 0 0 0 0 0 0 0 0 0 0 0 0 0 0 0 0 0 0 0 0 0 0 0 0 0 0
-22 -38 -108 30 15 18 -121 120 52 16 42 42 -93 -81 -113 -7 57 110 -83 -95 -45 27 11 -58 92 15 14 -120 -125 -104 98 44 -3 74 3 125 104 -32 33 0 0 0 0 0 0 0 0 0 0 0 0 0 0 0 0 0 0 0 0 0 0 0 0 0 0 0 0 0 0 0 0 0 0 0 0 0 0 0 0 0 0 0 0 0 0 0 0 0 0 0 0 0 0 0 0 0 0 0 0 0 0 0 0 0 0 0 0 0 0 0 0 0 0 0 0 0 0 0 0 0 0 0 0 0 0 0 0 0
72 -101 -82 -87 12 56 49 -29 94 12 126 103 59 76 -90 126 -38 109 -20 -114 -45 -125 125 -75 -76 2 6 -3 81 -89 -79 96 56 -30 -116 86 -122 -115 -66 31 0 0 0 0 0 0 0 0 0 0 0 0 0 0 0 0 0 0 0 0 0 0 0 0 0 0 0 0 0 0 0 0 0 0 0 0 0 0 0 0 0 0 0 0 0 0 0 0 0 0 0 0 0 0 0 0 0 0 0 0 0 0 0 0 0 0 0 0 0 0 0 0 0 0 0 0 0 0 0 0 0 0 0 0 0 0 0 0
-80 108 55 44 102 47 -81 0 -10 50 116 -85 113 114 51 46 -36 -18 -62 22 120 9 -106 96 -70 -73 -85 -73 -17 104 17 -38 54 122 5 17 -92 51 106 -7 -107 0 0 0 0 0 0 0 0 0 0 0 0 0 0 0 0 0 0 0 0 0 0 0 0 0 0 0 0 0 0 0 0 0 0 0 0 0 0 0 0 0 0 0 0 0 0 0 0 0 0 0 0 0 0 0 0 0 0 0 0 0 0 0 0 0 0 0 0 0 0 0 0 0 0 0 0 0 0 0 0 0 0 0 0 0 0 0
4 -30 105 3 -57 98 -117 106 -119 -78 86 -54 -124 -30 -57 -3 -94 -85 -102 9 21 -24 -57 -23 109 -82 79 -73 86 -18 28 -35 10 -19 15 45 20 117 -3 -72 88 -47 0 0 0 0 0 0 0 0 0 0 0 0 0 0 0 0 0 0 0 0 0 0 0 0 0 0 0 0 0 0 0 0 0 0 0 0 0 0 0 0 0 0 0 0 0 0 0 0 0 0 0 0 0 0 0 0 0 0 0 0 0 0 0 0 0 0 0 0 0 0 0 0 0 0 0 0 0 0 0 0 0 0 0 0 0 0
98 28 -96 121 -54 92 1 -44 63 86 -74 -26 -80 75 38 109 109 -35 70 51 -35 108 122 -45 -8 14 74 -95 36 -33 -31 72 -97 4 46 97 -126 -36 -12 117 116 39 -39 0 0 0 0 0 0 0 0 0 0 0 0 0 0 0 0 0 0 0 0 0 0 0 0 0 0 0 0 0 0 0 0 0 0 0 0 0 0 0 0 0 0 0 0 0 0 0 0 0 0 0 0 0 0 0 0 0 0 0 0 0 0 0 0 0 0 0 0 0 0 0 0 0 0 0 0 0 0 0 0 0 0 0 0 0
52 47 -6 89 0 -54 -105 20 102 51 107 46 28 -103 -127 101 42 -32 0 80 -77 -128 -6 -7 -52 101 -122 -54 110 83 61 120 -16 71 88 -94 -112 3 -9 44 68 -30 21 37 0 0 0 0 0 0 0 0 0 0 0 0 0 0 0 0 0 0 0 0 0 0 0 0 0 0 0 0 0 0 0 0 0 0 0 0 0 0 0 0 0 0 0 0 0 0 0 0 0 0 0 0 0 0 0 0 0 0 0 0 0 0 0 0 0 0 0 0 0 0 0 0 0 0 0 0 0 0 0 0 0 0 0 0
-125 -40 -47 -8 71 5 63 55 78 7 -47 -25 0 126 -126 1 7 -44 16 -103 -50 76 82 -126 -19 -25 -117 115 49 83 106 -12 -37 -27 59 54 79 38 82 93 34 27 111 76 114 0 0 0 0 0 0 0 0 0 0 0 0 0 0 0 0 0 0 0 0 0 0 0 0 0 0 0 0 0 0 0 0 0 0 0 0 0 0 0 0 0 0 0 0 0 0 0 0 0 0 0 0 0 0 0 0 0 0 0 0 0 0 0 0 0 0 0 0 0 0 0 0 0 0 0 0 0 0 0 0 0 0 0
-22 -16 10 29 49 -84 -26 -18 -19 92 -86 -124 -13 104 6 44 -121 -100 -18 -99 79 33 7 -92 101 17 45 -93 23 -61 70 73 -65 88 -87 121 54 -64 114 17 81 103 -97 29 49 86 0 0 0 0 0 0 0 0 0 0 0 0 0 0 0 0 0 0 0 0 0 0 0 0 0 0 0 0 0 0 0 0 0 0 0 0 0 0 0 0 0 0 0 0 0 0 0 0 0 0 0 0 0 0 0 0 0 0 0 0 0 0 0 0 0 0 0 0 0 0 0 0 0 0 0 0 0 0 0 0 0 0
32 116 45 117 -31 123 -15 16 -5 27 100 -94 101 -94 51 -122 66 71 107 4 115 -113 66 20 -37 39 -75 -115 36 -54 -13 -84 -103 -2 -73 -86 -119 54 -43 -65 -125 16 25 -102 -111 -4 -26 0 0 0 0 0 0 0 0 0 0 0 0 0 0 0 0 0 0 0 0 0 0 0 0 0 0 0 0 0 0 0 0 0 0 0 0 0 0 0 0 0 0 0 0 0 0 0 0 0 0 0 0 0 0 0 0 0 0 0 0 0 0 0 0 0 0 0 0 0 0 0 0 0 0 0 0 0 0 0 0 0
57 69 -62 -72 -25 -104 -94 -115 -41 0 -24 98 7 -83 -44 7 -56 55 -124 -53 67 60 115 -107 102 61 87 -51 -110 -109 -123 -55 49 97 63 -70 -93 59 -96 -102 24 -66 112 -104 -81 113 -120 -30 0 0 0 0 0 0 0 0 0 0 0 0 0 0 0 0 0 0 0 0 0 0 0 0 0 0 0 0 0 0 0 0 0 0 0 0 0 0 0 0 0 0 0 0 0 0 0 0 0 0 0 0 0 0 0 0 0 0 0 0 0 0 0 0 0 0 0 0 0 0 0 0 0 0 0 0 0 0 0 0
-18 -94 127 64 37 -43 -33 -7 111 4 -80 7 33 -28 83 -89 100 -122 -128 -13 53 81 -52 27 101 -5 -17 -59 51 -43 32 -2 -22 -99 6 41 -43 57 -63 -8 -117 -52 -97 -61 -80 -60 112 77 -92 0 0 0 0 0 0 0 0 0 0 0 0 0 0 0 0 0 0 0 0 0 0 0 0 0 0 0 0 0 0 0 0 0 0 0 0 0 0 0 0 0 0 0 0 0 0 0 0 0 0 0 0 0 0 0 0 0 0 0 0 0 0 0 0 0 0 0 0 0 0 0 0 0 0 0 0 0 0 0
42 -16 -54 -58 88 0 40 41 -104 48 73 -34 -69 -31 8 42 72 21 24 -89 3 71 27 123 -125 -30 101 46 92 -57 111 -19 -104 116 4 114 -112 -83 -127 -124 107 -69 78 -59 -78 -29 -99 -30 115 55 0 0 0 0 0 0 0 0 0 0 0 0 0 0 0 0 0 0 0 0 0 0 0 0 0 0 0 0 0 0 0 0 0 0 0 0 0 0 0 0 0 0 0 0 0 0 0 0 0 0 0 0 0 0 0 0 0 0 0 0 0 0 0 0 0 0 0 0 0 0 0 0 0 0 0 0 0 0
112 73 -43 110 23 105 -71 99 110 -52 18 99 67 63 -110 -25 -91 -29 -44 -65 -26 10 125 90 122 -56 79 -45 17 -35 105 115 81 -95 38 55 -96 -124 -72 0 10 -17 -36 20 -34 74 81 39 -49 2 -123 0 0 0 0 0 0 0 0 0 0 0 0 0 0 0 0 0 0 0 0 0 0 0 0 0 0 0 0 0 0 0 0 0 0 0 0 0 0 0 0 0 0 0 0 0 0 0 0 0 0 0 0 0 0 0 0 0 0 0 0 0 0 0 0 0 0 0 0 0 0 0 0 0 0 0 0 0
-101 119 -73 119 22 -45 -24 -126 -10 -56 39 111 -91 61 99 25 52 44 -71 31 -110 -26 86 -98 10 56 127 -88 -82 -75 -35 -4 -15 -50 126 -67 91 51 -117 46 -8 109 52 -52 29 -96 -53 120 -1 -7 -93 -16 0 0 0 0 0 0 0 0 0 0 0 0 0 0 0 0 0 0 0 0 0 0 0 0 0 0 0 0 0 0 0 0 0 0 0 0 0 0 0 0 0 0 0 0 0 0 0 0 0 0 0 0 0 0 0 0 0 0 0 0 0 0 0 0 0 0 0 0 0 0 0 0 0 0 0 0
84 -59 -68 -102 82 -51 117 -29 7 63 110 -99 54 15 31 5 4 -52 -52 -122 -19 85 16 -53 107 -104 -44 113 91 71 -61 100 73 13 -10 112 73 -20 60 104 39 -75 -107 127 38 -109 -88 2 -35 114 25 -10 -41 0 0 0 0 0 0 0 0 0 0 0 0 0 0 0 0 0 0 0 0 0 0 0 0 0 0 0 0 0 0 0 0 0 0 0 0 0 0 0 0 0 0 0 0 0 0 0 0 0 0 0 0 0 0 0 0 0 0 0 0 0 0 0 0 0 0 0 0 0 0 0 0 0 0 0
97 96 91 -118 -1 -66 -27 -104 85 5 -15 -111 -34 -54 121 109 -16 103 -121 50 5 -39 -42 -14 -80 -14 17 30 60 -28 -37 38 8 -84 64 82 -124 -96 -40 -70 -22 1 -103 91 37 80 -81 52 27 -65 -8 113 -99 -70 0 0 0 0 0 0 0 0 0 0 0 0 0 0 0 0 0 0 0 0 0 0 0 0 0 0 0 0 0 0 0 0 0 0 0 0 0 0 0 0 0 0 0 0 0 0 0 0 0 0 0 0 0 0 0 0 0 0 0 0 0 0 0 0 0 0 0 0 0 0 0 0 0 0
100 -22 -42 -82 17 -27 41 -22 -60 64 26 -102 19 -90 33 116 86 -78 -58 123 -69 -111 88 99 -119 36 116 -20 8 90 -82 55 35 -75 -102 57 20 -124 -31 52 42 -104 -99 31 -101 117 37 -48 98 21 121 -75 4 -125 -85 0 0 0 0 0 0 0 0 0 0 0 0 0 0 0 0 0 0 0 0 0 0 0 0 0 0 0 0 0 0 0 0 0 0 0 0 0 0 0 0 0 0 0 0 0 0 0 0 0 0 0 0 0 0 0 0 0 0 0 0 0 0 0 0 0 0 0 0 0 0 0 0 0
-102 12 30 58 -77 -15 53 -112 -113 65 -35 -103 -121 -7 81 24 -17 -4 112 -14 -48 -2 110 113 25 -29 113 125 114 -7 -75 -104 80 9 112 -61 -54 -36 -81 45 -77 -35 -23 -63 -37 110 -44 -105 21 44 115 121 116 49 -66 -52 0 0 0 0 0 0 0 0 0 0 0 0 0 0 0 0 0 0 0 0 0 0 0 0 0 0 0 0 0 0 0 0 0 0 0 0 0 0 0 0 0 0 0 0 0 0 0 0 0 0 0 0 0 0 0 0 0 0 0 0 0 0 0 0 0 0 0 0 0 0 0 0
2 5 39 -33 -19 116 105 121 4 31 -67 109 -99 -39 -105 -6 -32 -43 94 -51 16 -126 79 -20 -23 -11 96 -51 -82 82 33 -103 118 -66 -112 -34 53 -97 -65 55 -84 -85 -103 -61 -89 -115 -111 87 -17 -24 -75 5 3 -73 -112 5 -58 0 0 0 0 0 0 0 0 0 0 0 0 0 0 0 0 0 0 0 0 0 0 0 0 0 0 0 0 0 0 0 0 0 0 0 0 0 0 0 0 0 0 0 0 0 0 0 0 0 0 0 0 0 0 0 0 0 0 0 0 0 0 0 0 0 0 0 0 0 0 0
88 90 -64 25 48 100 -1 -127 -84 30 -48 6 -100 71 31 32 2 82 58 -12 37 -21 -18 -16 -12 -80 0 -22 -52 112 -25 -66 110 -4 60 -57 43 -75 18 -52 -28 93 -28 59 36 110 101 -69 -3 -72 57 60 -114 -55 19 103 19 -68 0 0 0 0 0 0 0 0 0 0 0 0 0 0 0 0 0 0 0 0 0 0 0 0 0 0 0 0 0 0 0 0 0 0 0 0 0 0 0 0 0 0 0 0 0 0 0 0 0 0 0 0 0 0 0 0 0 0 0 0 0 0 0 0 0 0 0 0 0 0
-34 -101 101 58 -72 36 61 28 40 61 56 5 31 13 -30 46 -16 77 65 67 -68 17 112 11 -15 -38 101 1 -126 -20 85 -1 126 76 127 65 66 70 -31 -125 -11 10 44 -27 -114 96 85 -116 45 -66 105 97 -21 -37 81 34 -23 66 -53 0 0 0 0 0 0 0 0 0 0 0 0 0 0 0 0 0 0 0 0 0 0 0 0 0 0 0 0 0 0 0 0 0 0 0 0 0 0 0 0 0 0 0 0 0 0 0 0 0 0 0 0 0 0 0 0 0 0 0 0 0 0 0 0 0 0 0 0 0
-14 10 -127 93 -13 -96 116 90 -50 54 -120 74 15 -107 -113 -122 51 -65 -127 123 63 25 -112 -68 29 -66 53 53 24 -99 78 -67 -71 90 22 32 -67 14 -86 -11 98 95 24 -103 99 -81 -96 -107 40 49 -62 17 -18 23 46 96 3 70 80 100 0 0 0 0 0 0 0 0 0 0 0 0 0 0 0 0 0 0 0 0 0 0 0 0 0 0 0 0 0 0 0 0 0 0 0 0 0 0 0 0 0 0 0 0 0 0 0 0 0 0 0 0 0 0 0 0 0 0 0 0 0 0 0 0 0 0 0 0
-120 -127 106 123 -99 49 -103 51 -36 54 67 -88 -100 -93 -109 -87 -50 42 9 -11 -28 -23 18 -46 100 -39 -51 -41 66 -29 -78 98 112 -123 -24 94 -28 126 -118 -94 69 104 25 76 -115 -126 -37 -93 75 -64 127 -90 -35 4 89 106 -30 20 11 71 88 0 0 0 0 0 0 0 0 0 0 0 0 0 0 0 0 0 0 0 0 0 0 0 0 0 0 0 0 0 0 0 0 0 0 0 0 0 0 0 0 0 0 0 0 0 0 0 0 0 0 0 0 0 0 0 0 0 0 0 0 0 0 0 0 0 0 0
-22 58 -82 69 -40 -85 19 -6 113 58 -84 35 -29 -14 70 90 -70 36 126 82 -45 -111 -115 23 -60 8 -83 80 53 30 -25 50 -91 125 -128 121 37 -96 109 10 -82 32 108 -80 108 -57 17 97 -34 127 69 -126 28 77 -91 -55 -87 6 -53 46 19 61 0 0 0 0 0 0 0 0 0 0 0 0 0 0 0 0 0 0 0 0 0 0 0 0 0 0 0 0 0 0 0 0 0 0 0 0 0 0 0 0 0 0 0 0 0 0 0 0 0 0 0 0 0 0 0 0 0 0 0 0 0 0 0 0 0 0
9 62 -40 -27 -44 54 67 -80 -107 95 -80 -25 115 -126 -5 111 22 -17 89 93 -117 95 -51 -99 101 -12 -22 95 -33 96 18 53 -12 -103 89 14 -103 -98 -76 -122 20 -90 69 -126 112 115 -93 -10 86 -30 90 19 71 126 34 119 -115 -4 121 -87 -86 -116 4 0 0 0 0 0 0 0 0 0 0 0 0 0 0 0 0 0 0 0 0 0 0 0 0 0 0 0 0 0 0 0 0 0 0 0 0 0 0 0 0 0 0 0 0 0 0 0 0 0 0 0 0 0 0 0 0 0 0 0 0 0 0 0 0 0
59 110 111 -72 33 71 -34 110 12 -103 -128 35 59 -64 -73 47 -100 34 -23 -61 -26 -44 -91 100 26 106 -6 104 -128 -80 122 100 -89 -83 85 -65 91 37 15 34 60 -127 -14 -12 97 27 -12 -112 -23 -47 -55 -114 -12 -64 22 -38 -103 125 -116 -9 76 108 75 -114 0 0 0 0 0 0 0 0 0 0 0 0 0 0 0 0 0 0 0 0 0 0 0 0 0 0 0 0 0 0 0 0 0 0 0 0 0 0 0 0 0 0 0 0 0 0 0 0 0 0 0 0 0 0 0 0 0 0 0 0 0 0 0 0
-40 -85 68 8 83 27 65 -106 17 68 20 4 77 63 -22 72 65 46 -116 -121 -117 -83 123 2 -46 -23 -28 127 -57 -60 -30 103 97 -98 28 86 116 13 83 -105 31 101 125 -78 33 -76 48 -4 -7 -13 -126 -123 22 -105 81 103 121 64 -47 -104 -86 115 -81 45 -40 0 0 0 0 0 0 0 0 0 0 0 0 0 0 0 0 0 0 0 0 0 0 0 0 0 0 0 0 0 0 0 0 0 0 0 0 0 0 0 0 0 0 0 0 0 0 0 0 0 0 0 0 0 0 0 0 0 0 0 0 0 0 0
-111 -101 -13 -70 2 120 -66 61 111 -71 -73 118 -116 -4 -100 109 -87 118 -25 -98 85 111 -83 105 3 -25 64 -42 53 -121 -89 47 107 96 -11 -95 -12 -5 6 -33 43 73 84 -96 -128 51 17 -26 -79 59 63 -63 -104 -18 120 67 -17 -17 -55 118 -70 62 75 -13 14 26 0 0 0 0 0 0 0 0 0 0 0 0 0 0 0 0 0 0 0 0 0 0 0 0 0 0 0 0 0 0 0 0 0 0 0 0 0 0 0 0 0 0 0 0 0 0 0 0 0 0 0 0 0 0 0 0 0 0 0 0 0 0
-1 -93 -67 -71 -123 -44 -73 122 -105 -128 51 -54 39 114 122 -34 -107 119 121 -60 -64 -82 111 100 97 79 -39 50 122 -95 53 31 -32 8 -11 -49 -20 -80 -17 -19 -107 124 127 34 45 -96 -53 8 -125 -119 -76 16 -100 -98 -15 50 39 2 -61 49 -16 124 -10 126 58 -69 50 0 0 0 0 0 0 0 0 0 0 0 0 0 0 0 0 0 0 0 0 0 0 0 0 0 0 0 0 0 0 0 0 0 0 0 0 0 0 0 0 0 0 0 0 0 0 0 0 0 0 0 0 0 0 0 0 0 0 0 0 0
51 -27 -50 71 30 123 -40 -98 -10 79 49 32 113 -14 -15 13 -42 10 95 44 -57 -36 39 -92 121 27 94 -26 89 -12 75 20 87 57 -54 -76 106 123 -108 -70 -39 -64 -61 -27 -81 -109 -7 6 43 77 -27 -124 -110 -91 46 -114 -92 5 -67 23 80 119 80 2 -28 53 -57 118 0 0 0 0 0 0 0 0 0 0 0 0 0 0 0 0 0 0 0 0 0 0 0 0 0 0 0 0 0 0 0 0 0 0 0 0 0 0 0 0 0 0 0 0 0 0 0 0 0 0 0 0 0 0 0 0 0 0 0 0
56 -45 5 -92 -111 -27 -20 -109 46 -75 4 -104 -93 -116 105 -37 37 22 6 -51 -79 -115 -62 -39 73 -126 -58 122 -41 82 9 -128 -66 -50 2 31 12 -84 89 -38 -1 -75 7 -12 93 91 -32 71 7 71 101 33 -58 -45 -50 -70 30 11 -89 94 1 37 107 107 77 -101 -120 -98 12 0 0 0 0 0 0 0 0 0 0 0 0 0 0 0 0 0 0 0 0 0 0 0 0 0 0 0 0 0 0 0 0 0 0 0 0 0 0 0 0 0 0 0 0 0 0 0 0 0 0 0 0 0 0 0 0 0 0 0
-111 -128 -64 -49 15 -119 81 89 -101 123 19 -73 15 72 -40 21 70 -76 71 -24 121 -24 97 -27 -50 -85 -7 39 -51 -102 48 -18 -115 93 50 2 65 -34 -100 -32 109 42 -4 125 83 -88 -68 -45 -24 6 -60 2 -41 -121 -90 -48 -12 109 102 -36 104 84 37 -18 65 -125 -78 -36 39 77 0 0 0 0 0 0 0 0 0 0 0 0 0 0 0 0 0 0 0 0 0 0 0 0 0 0 0 0 0 0 0 0 0 0 0 0 0 0 0 0 0 0 0 0 0 0 0 0 0 0 0 0 0 0 0 0 0 0
-49 -107 77 -57 108 -48 -37 -97 -52 50 -11 -49 15 -73 -34 5 106 -18 91 62 -34 -38 -89 56 101 -122 111 -121 -103 -50 107 -59 -35 -20 -124 0 112 80 -41 -57 105 37 -100 -55 45 70 -123 59 57 -99 107 69 -2 -23 -65 87 -108 -102 -75 -68 -67 -3 -61 22 -88 -70 -115 39 -97 -31 76 0 0 0 0 0 0 0 0 0 0 0 0 0 0 0 0 0 0 0 0 0 0 0 0 0 0 0 0 0 0 0 0 0 0 0 0 0 0 0 0 0 0 0 0 0 0 0 0 0 0 0 0 0 0 0 0 0
3 120 -80 105 46 -107 -86 110 -69 69 -51 31 99 -50 110 67 64 -50 25 79 -33 -10 -66 -69 -101 30 -52 -112 51 54 30 71 -39 -58 56 -87 79 9 -83 45 -5 -10 92 -101 3 -39 -45 115 122 -28 57 46 3 -32 -29 14 -11 29 -91 -17 48 -108 29 13 60 -55 -15 122 52 58 -5 -59 0 0 0 0 0 0 0 0 0 0 0 0 0 0 0 0 0 0 0 0 0 0 0 0 0 0 0 0 0 0 0 0 0 0 0 0 0 0 0 0 0 0 0 0 0 0 0 0 0 0 0 0 0 0 0 0
-62 -12 -11 124 -18 4 114 9 68 -105 65 -54 -64 29 110 -30 -8 67 86 99 47 -122 -14 -65 49 -75 107 101 -117 -93 122 119 21 -75 -14 -36 -105 -6 -118 -126 -113 -74 39 -68 33 -63 48 -114 50 119 6 -11 -3 -106 99 53 -90 -19 27 66 17 48 50 -119 95 -61 46 19 -16 -92 113 56 -70 0 0 0 0 0 0 0 0 0 0 0 0 0 0 0 0 0 0 0 0 0 0 0 0 0 0 0 0 0 0 0 0 0 0 0 0 0 0 0 0 0 0 0 0 0 0 0 0 0 0 0 0 0 0 0
-118 56 36 13 0 28 -7 109 67 -89 -92 1 104 -102 117 -68 10 123 100 -91 -4 121 106 49 -25 -109 29 -88 -17 66 -49 43 -117 37 99 120 -27 63 -99 38 -85 7 -1 26 -80 -5 19 -117 -40 116 -15 -28 51 106 121 -98 -98 34 107 -74 63 110 -115 113 -126 122 42 -65 -92 -47 116 28 -96 -71 0 0 0 0 0 0 0 0 0 0 0 0 0 0 0 0 0 0 0 0 0 0 0 0 0 0 0 0 0 0 0 0 0 0 0 0 0 0 0 0 0 0 0 0 0 0 0 0 0 0 0 0 0 0
113 102 -122 114 -15 98 -22 -81 3 -62 -83 116 -67 106 100 0 44 -23 67 19 -54 62 23 57 26 59 49 96 -97 11 5 -128 -31 -123 -35 -43 41 88 -41 -31 80 127 -7 -33 -39 -90 -48 82 101 43 -115 -67 79 2 -89 -51 -86 -42 117 -82 82 20 98 126 -43 -93 -122 57 -56 92 -61 20 -8 93 -87 0 0 0 0 0 0 0 0 0 0 0 0 0 0 0 0 0 0 0 0 0 0 0 0 0 0 0 0 0 0 0 0 0 0 0 0 0 0 0 0 0 0 0 0 0 0 0 0 0 0 0 0 0
-93 -111 -10 -69 8 -116 -111 -64 -88 97 -107 89 14 118 -82 72 -80 80 -116 -26 -127 29 -112 -122 -120 55 -54 -66 88 125 -6 3 29 20 -8 -31 6 -14 104 -91 -54 56 -16 -41 -100 51 -121 -3 -3 68 34 -112 -24 51 87 -15 12 87 81 109 -94 -1 47 -4 -103 41 25 19 -7 -75 -58 -114 104 -45 81 -30 0 0 0 0 0 0 0 0 0 0 0 0 0 0 0 0 0 0 0 0 0 0 0 0 0 0 0 0 0 0 0 0 0 0 0 0 0 0 0 0 0 0 0 0 0 0 0 0 0 0 0 0
-20 48 113 76 -57 -59 -102 70 70 124 13 -47 -72 36 -115 84 -12 102 -76 93 -109 -87 109 121 -67 -24 29 -109 -41 -72 42 -104 -112 -49 113 -20 126 60 64 24 -37 127 -2 -57 -10 65 27 61 -47 -108 55 -45 124 56 34 108 -34 -53 -20 95 39 -107 -101 97 70 38 96 -87 -10 -121 16 -107 103 55 97 35 65 0 0 0 0 0 0 0 0 0 0 0 0 0 0 0 0 0 0 0 0 0 0 0 0 0 0 0 0 0 0 0 0 0 0 0 0 0 0 0 0 0 0 0 0 0 0 0 0 0 0 0
-112 -54 123 -78 74 -49 30 124 39 46 22 74 -43 -119 -87 50 -9 -127 119 103 19 13 -63 -64 115 114 99 -32 27 -55 -20 -69 -63 -5 112 57 13 -107 -127 23 -109 127 -98 -43 -49 -52 -107 -103 -19 33 98 -24 -58 29 -41 -91 -90 2 30 -71 -74 14 -14 117 67 90 -88 58 -101 39 96 65 -118 -89 87 -17 65 -62 0 0 0 0 0 0 0 0 0 0 0 0 0 0 0 0 0 0 0 0 0 0 0 0 0 0 0 0 0 0 0 0 0 0 0 0 0 0 0 0 0 0 0 0 0 0 0 0 0 0
-121 73 -7 -50 -22 -66 -115 -68 27 46 -54 -81 18 -91 55 -71 42 -47 11 55 -45 -100 61 -32 -99 -55 56 6 15 -113 115 -120 -49 -29 75 8 -33 97 -89 -107 -88 -13 -66 108 -96 -6 23 101 -4 24 -15 52 86 126 78 68 -9 54 -108 -91 -63 -98 -35 -76 -60 36 81 111 -31 118 27 40 -109 -37 87 -64 -127 -65 -56 0 0 0 0 0 0 0 0 0 0 0 0 0 0 0 0 0 0 0 0 0 0 0 0 0 0 0 0 0 0 0 0 0 0 0 0 0 0 0 0 0 0 0 0 0 0 0 0 0
-32 -9 86 -85 81 -87 124 37 -66 -96 12 6 14 70 102 43 115 -24 94 -100 -29 58 61 -49 36 -54 62 -6 -72 12 -36 9 -71 0 -1 -112 55 -107 22 -74 88 -106 -4 41 124 -103 -121 35 24 53 28 115 78 23 -90 111 0 -127 -21 50 100 -94 6 -126 -77 77 108 -49 -61 115 -96 -120 -10 -116 102 26 -50 -47 127 -6 0 0 0 0 0 0 0 0 0 0 0 0 0 0 0 0 0 0 0 0 0 0 0 0 0 0 0 0 0 0 0 0 0 0 0 0 0 0 0 0 0 0 0 0 0 0 0 0
98 112 69 -99 11 8 -15 -36 -19 83 -112 72 82 -17 -26 -13 32 103 34 -51 20 -44 120 58 16 -51 69 60 -25 -51 4 -119 -71 -111 123 -28 -68 18 119 -103 -126 56 -87 -8 -18 126 -13 120 -95 -10 127 0 29 -22 -32 -106 46 -110 87 -117 -56 -100 -113 -1 8 62 40 -47 71 -47 127 2 -84 75 -1 109 21 -113 -128 20 102 0 0 0 0 0 0 0 0 0 0 0 0 0 0 0 0 0 0 0 0 0 0 0 0 0 0 0 0 0 0 0 0 0 0 0 0 0 0 0 0 0 0 0 0 0 0 0
-126 103 -3 120 -65 12 0 89 -104 -99 2 90 -90 -109 -38 -97 112 -88 -110 60 19 111 -10 36 -51 -49 -8 -63 36 16 21 52 123 62 -74 -117 -52 -100 109 -46 100 74 78 -94 -21 105 72 -121 -66 -70 -28 -31 82 84 124 -49 20 -32 -103 116 -39 -56 -125 123 25 38 -108 4 -77 3 -21 63 83 -85 -42 19 -42 -85 -108 103 -119 -3 0 0 0 0 0 0 0 0 0 0 0 0 0 0 0 0 0 0 0 0 0 0 0 0 0 0 0 0 0 0 0 0 0 0 0 0 0 0 0 0 0 0 0 0 0 0
9 102 -85 116 22 -67 67 65 95 21 74 58 -43 112 -21 101 77 85 12 21 119 60 88 -28 -9 11 44 71 113 -73 44 45 112 54 -23 -33 -45 19 -128 111 -83 9 86 -91 60 127 107 10 -66 -84 -98 6 -11 -89 -70 60 16 -98 13 -87 36 116 -58 98 -108 -32 -1 -91 -106 -27 9 -60 -84 -49 -72 0 -33 16 -1 -22 -63 77 46 0 0 0 0 0 0 0 0 0 0 0 0 0 0 0 0 0 0 0 0 0 0 0 0 0 0 0 0 0 0 0 0 0 0 0 0 0 0 0 0 0 0 0 0 0
-81 90 -104 -7 61 -50 30 98 23 92 -25 -60 -36 95 -63 -88 113 32 -17 -3 48 -62 -37 -3 89 -108 -122 -22 -118 -24 -49 -114 -99 10 54 -73 -70 96 -128 -71 -15 73 -20 -91 119 104 -87 -43 3 0 50 45 18 -29 -84 100 -46 -31 21 -20 10 -66 -107 90 -70 -42 -125 43 30 54 8 97 -25 108 21 39 -11 50 -104 -13 15 117 50 74 0 0 0 0 0 0 0 0 0 0 0 0 0 0 0 0 0 0 0 0 0 0 0 0 0 0 0 0 0 0 0 0 0 0 0 0 0 0 0 0 0 0 0 0
92 -125 -18 41 -86 -58 117 -93 -24 -124 -110 108 -56 -25 -89 98 -42 44 -109 32 113 -75 124 74 -32 31 125 17 -105 -65 -11 95 50 -37 -78 -20 80 75 94 95 -5 2 -13 91 -120 69 64 38 -121 110 -12 -75 23 -82 83 14 -116 -113 55 -69 -35 -115 109 55 118 15 -116 -53 -115 62 68 103 -110 95 111 29 88 -76 -26 -57 73 -92 23 -92 -89 0 0 0 0 0 0 0 0 0 0 0 0 0 0 0 0 0 0 0 0 0 0 0 0 0 0 0 0 0 0 0 0 0 0 0 0 0 0 0 0 0 0 0
97 53 -23 -27 37 111 26 -70 -64 -87 -77 -34 127 -23 73 43 98 -6 -122 55 114 -76 -79 -70 15 -116 -126 -118 103 -50 122 -77 -29 -9 88 79 -80 30 -118 21 -117 106 -4 9 -47 45 104 -38 -120 -96 23 74 -52 -24 74 117 51 -18 -76 -87 6 -30 0 -88 -54 48 -37 -103 -108 124 -70 -8 8 17 -84 -85 89 96 0 -27 -85 -32 -32 50 57 -54 0 0 0 0 0 0 0 0 0 0 0 0 0 0 0 0 0 0 0 0 0 0 0 0 0 0 0 0 0 0 0 0 0 0 0 0 0 0 0 0 0 0
60 -44 47 -117 91 -119 -90 40 -4 -69 124 113 -25 -7 -76 -14 -127 5 46 49 -77 -14 -44 10 16 -113 -1 -42 -73 23 -4 -67 29 52 -76 -4 -111 -119 101 -19 -113 -123 -76 -25 -122 8 86 67 81 45 53 10 10 -23 -31 -122 -28 -88 65 -22 25 -29 7 -126 -23 -20 20 -108 -92 -17 -63 -86 99 48 -61 29 -94 4 -115 8 -56 60 -64 -9 103 -54 106 0 0 0 0 0 0 0 0 0 0 0 0 0 0 0 0 0 0 0 0 0 0 0 0 0 0 0 0 0 0 0 0 0 0 0 0 0 0 0 0 0
-99 -39 -66 49 15 -60 -55 -70 -127 110 14 -91 -67 80 -84 -43 41 6 92 -38 10 -24 -4 96 -8 -47 -48 -11 -59 -58 -123 99 -22 -21 -47 106 28 55 -84 69 88 91 93 91 11 75 -90 67 79 -92 84 -16 -67 -23 94 12 67 -126 -51 -69 69 -12 55 -14 75 79 63 -56 1 3 -76 85 53 84 -86 50 124 -85 54 120 61 -113 13 61 20 -17 17 79 0 0 0 0 0 0 0 0 0 0 0 0 0 0 0 0 0 0 0 0 0 0 0 0 0 0 0 0 0 0 0 0 0 0 0 0 0 0 0 0
-50 -45 -13 53 -114 38 -121 117 -60 2 -92 -37 36 40 -59 -65 -123 -124 -33 4 62 -71 -69 -45 -47 -46 -127 23 98 54 122 20 12 79 33 -127 -60 -6 23 -24 -87 40 1 96 -25 33 115 -118 -118 105 72 -32 125 18 -26 48 12 126 -72 113 -10 -124 94 -68 -14 -49 103 76 -44 79 119 88 120 -63 17 -30 -36 97 99 -86 -3 101 16 -47 -1 70 -22 9 -41 0 0 0 0 0 0 0 0 0 0 0 0 0 0 0 0 0 0 0 0 0 0 0 0 0 0 0 0 0 0 0 0 0 0 0 0 0 0 0
-27 -98 -22 -107 -42 -111 -50 18 71 -115 50 -35 -115 25 73 89 -33 13 -28 118 65 40 -15 -5 -35 -127 3 -103 -57 -59 -43 -42 -72 -98 43 95 -26 98 -118 24 -1 -100 -38 120 -103 96 -45 -48 26 93 -120 -104 -32 25 116 107 -81 7 -90 101 -79 110 -8 84 -100 -98 96 -81 115 91 -88 -25 -31 71 113 -122 56 35 88 -42 23 -67 65 23 -24 105 5 -103 -1 40 0 0 0 0 0 0 0 0 0 0 0 0 0 0 0 0 0 0 0 0 0 0 0 0 0 0 0 0 0 0 0 0 0 0 0 0 0 0
8 102 -115 -47 -20 49 -30 -64 99 -37 85 122 -86 31 106 -41 -117 -43 93 -44 -119 -32 -17 -96 -79 -52 -13 -101 -69 19 39 -28 -30 87 19 75 61 -15 -2 -91 -118 85 2 -128 -77 -27 22 117 -39 -28 -41 -112 51 -101 -94 -98 12 58 -107 64 -38 42 44 -14 110 15 -71 75 62 -55 117 -64 -60 -35 127 -4 -6 -93 117 45 34 42 112 116 26 -77 -99 -7 41 82 -27 0 0 0 0 0 0 0 0 0 0 0 0 0 0 0 0 0 0 0 0 0 0 0 0 0 0 0 0 0 0 0 0 0 0 0 0 0
126 125 -6 102 111 67 121 4 -92 -110 -127 44 118 -27 17 101 -11 13 21 76 -54 9 -101 73 27 -14 -64 -81 -3 13 86 90 65 -75 -81 79 -96 3 -102 -108 95 -39 12 -86 76 43 103 -34 67 -70 -120 47 -27 -14 -44 32 -61 105 30 97 44 -112 22 -37 58 99 -51 -62 13 -86 38 -18 -15 21 -44 72 -70 -37 -46 121 -93 39 50 38 -45 69 -27 -123 99 111 85 7 0 0 0 0 0 0 0 0 0 0 0 0 0 0 0 0 0 0 0 0 0 0 0 0 0 0 0 0 0 0 0 0 0 0 0 0
-2 -75 -37 -52 5 -124 -3 -102 -114 116 93 -89 -6 13 54 51 -2 -42 117 -52 -89 39 74 120 127 -99 92 58 -56 117 -67 3 -21 -73 -60 -34 -29 89 -54 -88 110 71 3 -101 90 -9 -80 42 63 105 -56 -98 -123 -28 -78 -127 -106 73 100 -99 5 56 11 -77 -82 54 5 29 33 87 -95 -3 7 -71 56 89 7 -113 -86 37 -85 -69 -30 -97 -104 -74 -30 -126 -128 44 -22 113 46 0 0 0 0 0 0 0 0 0 0 0 0 0 0 0 0 0 0 0 0 0 0 0 0 0 0 0 0 0 0 0 0 0 0 0
-38 -96 78 -3 17 -73 -43 -125 122 -63 76 -86 -41 15 -80 -114 -90 -49 -27 52 -85 98 -76 -66 -80 -2 97 14 -27 -10 -59 -98 108 -13 -49 -43 101 17 -66 35 -92 -95 -93 53 10 -91 -119 63 -25 54 -80 -100 70 -23 13 40 81 35 -35 -104 -52 15 -87 -110 -57 39 -52 35 -13 -50 107 -95 98 100 112 92 -27 -125 117 54 -37 -40 -97 5 -75 96 -124 101 -117 -74 18 -113 -96 72 0 0 0 0 0 0 0 0 0 0 0 0 0 0 0 0 0 0 0 0 0 0 0 0 0 0 0 0 0 0 0 0 0 0
-6 24 -32 6 72 -70 -93 -55 89 96 124 105 -53 28 -42 110 59 -113 116 99 -72 116 39 -25 -13 -66 74 -101 -97 -73 -3 94 -111 71 4 58 27 -105 0 47 -70 -44 34 -128 17 -58 -96 -104 121 -59 0 6 -40 -81 -26 -123 -88 -58 20 108 -35 -38 78 32 -60 44 20 -36 -9 -46 -54 -50 -124 -22 -62 -106 80 -23 125 -97 -45 115 52 9 -40 99 -84 -69 66 -24 -120 -66 -71 34 95 0 0 0 0 0 0 0 0 0 0 0 0 0 0 0 0 0 0 0 0 0 0 0 0 0 0 0 0 0 0 0 0 0
-41 -2 89 -15 85 -40 -69 -90 120 46 -25 71 65 59 85 -60 47 88 -79 69 53 97 -37 110 -26 -80 106 -98 -50 -2 89 -69 -72 113 117 -46 -29 -83 -17 50 126 38 52 -116 34 -58 52 63 -115 125 87 -87 77 -81 84 -80 -87 5 66 -109 16 -10 -13 -59 83 -28 -51 48 4 -116 106 58 -57 -2 51 -31 0 75 64 123 43 66 27 -32 -14 -108 -17 -46 33 -103 91 -118 58 -24 -76 -6 0 0 0 0 0 0 0 0 0 0 0 0 0 0 0 0 0 0 0 0 0 0 0 0 0 0 0 0 0 0 0 0
107 99 123 -33 -56 103 26 118 -50 99 -96 68 -48 -105 -113 82 -66 -71 52 -127 49 68 -29 -2 -49 96 -53 -112 -82 13 -5 -52 -55 4 81 107 5 70 -68 -50 -19 -91 108 49 76 85 8 96 112 -55 124 48 59 22 -44 -5 -90 -59 104 122 -30 -84 94 -103 -90 62 65 34 -10 -121 25 86 -116 113 -21 -109 67 92 55 -79 80 -17 -100 22 -45 12 -45 71 -61 10 -1 42 10 -37 -59 66 -40 0 0 0 0 0 0 0 0 0 0 0 0 0 0 0 0 0 0 0 0 0 0 0 0 0 0 0 0 0 0 0
-102 -1 -49 109 -102 24 -119 -33 -90 123 -61 4 -46 -24 117 -58 94 67 17 73 -124 76 8 -65 91 -95 48 -100 86 30 98 -105 -8 64 28 3 -99 -7 -28 58 103 -101 -77 -3 -98 -101 -124 9 -60 70 -24 -128 -117 2 91 85 47 13 109 -41 69 7 -62 10 21 -4 -32 119 -38 107 -118 78 6 19 11 103 -5 70 -22 17 57 -10 -119 -75 -35 84 -63 -3 -77 -16 92 18 -126 119 30 120 -97 -34 0 0 0 0 0 0 0 0 0 0 0 0 0 0 0 0 0 0 0 0 0 0 0 0 0 0 0 0 0 0
90 -88 119 38 65 46 -61 115 108 92 3 117 -121 -82 0 -46 -32 6 -9 92 95 -111 -44 26 117 -13 32 74 -47 -72 -105 -27 97 60 109 -55 68 27 3 75 -83 63 -93 -40 -104 93 -29 -85 3 53 -71 -65 12 119 -101 75 109 70 -95 -67 -69 -12 -2 46 -64 -10 -82 -43 -23 63 30 120 37 19 -38 117 113 -118 45 45 -16 -86 -97 -37 7 -20 -98 93 -95 -111 -15 36 120 59 -109 31 -93 90 -21 0 0 0 0 0 0 0 0 0 0 0 0 0 0 0 0 0 0 0 0 0 0 0 0 0 0 0 0 0
75 85 105 60 124 -28 -19 -88 29 -63 -53 9 -100 102 106 37 -34 -53 126 -123 -4 -86 95 -114 -116 95 -18 116 -36 -121 77 121 -26 -7 -74 126 65 124 -6 -94 -57 -103 35 -39 -100 -105 -94 4 58 -72 -10 108 18 45 -43 -114 -6 -23 -16 40 17 56 -32 -36 -16 -65 63 11 -83 98 -21 -30 -111 38 -9 89 -34 -63 -79 83 -89 -64 -83 -56 -73 2 -98 30 -98 -104 -105 -18 -24 -44 35 -15 -105 -71 23 17 0 0 0 0 0 0 0 0 0 0 0 0 0 0 0 0 0 0 0 0 0 0 0 0 0 0 0 0
-4 -24 36 88 109 -119 -31 -65 -53 80 54 -63 -47 16 124 118 99 10 -24 126 -92 -99 77 31 76 -46 -57 -29 -49 -90 -5 18 123 -109 -9 -122 100 -47 -21 -126 -43 104 8 -41 56 -99 64 47 57 -96 -49 17 66 -105 102 -79 1 -81 48 -59 38 103 125 120 30 -89 -87 19 -127 105 112 12 -96 92 4 -120 96 -110 -76 -8 85 -45 -111 30 120 -57 -40 -45 49 -41 105 89 82 -89 16 87 -14 -69 49 5 -47 0 0 0 0 0 0 0 0 0 0 0 0 0 0 0 0 0 0 0 0 0 0 0 0 0 0 0
3 74 -103 -37 -5 -90 -32 -99 -55 -108 54 -95 79 -76 82 -6 -118 61 -105 82 81 15 55 114 -125 -49 -67 38 13 47 34 -77 -83 -78 64 52 22 -62 4 -118 35 -79 48 -103 18 54 -45 66 -14 62 103 116 -111 36 2 27 -38 -40 -9 -25 -30 -101 -94 38 -4 -24 -12 -15 -8 111 -36 -124 49 -15 -94 -3 -62 -50 29 20 -41 104 -117 121 23 -69 90 -89 -5 1 -124 -115 46 43 -106 35 -77 -119 50 42 74 11 0 0 0 0 0 0 0 0 0 0 0 0 0 0 0 0 0 0 0 0 0 0 0 0 0 0
-1 -57 -50 102 61 14 97 69 -62 98 105 9 101 38 -20 102 60 87 -66 -50 38 15 37 36 -74 -70 -44 92 63 -122 101 -111 11 -100 -63 -61 18 -70 114 75 -68 69 -122 80 98 39 29 43 -14 86 122 -20 103 -91 47 122 45 99 -57 -35 -90 -10 -107 -93 106 -23 -53 84 29 64 116 -44 -118 45 112 84 -1 -109 -125 -69 114 -31 -33 44 47 49 -104 56 72 23 122 23 5 -60 36 -27 52 1 -26 -88 -26 66 13 0 0 0 0 0 0 0 0 0 0 0 0 0 0 0 0 0 0 0 0 0 0 0 0 0
110 6 87 107 51 -47 -41 -31 70 21 19 101 53 46 33 -97 24 75 2 -85 101 112 74 101 -19 65 67 17 45 29 124 73 -33 -79 112 65 13 86 -52 -96 -24 69 -91 -47 -127 91 -98 -10 58 -48 -28 -54 -1 75 23 56 -50 -22 66 15 -73 -118 -48 102 80 9 54 50 73 -11 -82 -91 -74 38 -122 -114 69 31 58 62 -122 93 82 -82 -104 7 120 52 124 -81 63 -83 -99 58 -20 -72 32 96 61 -56 79 -81 -100 -28 0 0 0 0 0 0 0 0 0 0 0 0 0 0 0 0 0 0 0 0 0 0 0 0
44 -63 114 109 -122 -54 -1 88 41 -106 78 -38 -31 -53 9 66 105 -36 -56 -55 63 -89 7 107 -45 73 -89 -20 81 21 57 -90 -87 60 -2 -8 -39 21 49 -60 31 7 -69 78 -104 -22 39 125 66 106 -94 107 -9 87 32 -18 47 64 55 124 18 13 27 -11 -28 127 -51 -84 118 37 59 -54 -118 43 -128 94 -94 -94 88 5 105 22 -74 4 91 116 118 69 -106 -91 56 84 -87 -44 71 93 111 67 -101 -95 -85 42 -76 -101 37 0 0 0 0 0 0 0 0 0 0 0 0 0 0 0 0 0 0 0 0 0 0 0
91 -81 -112 -118 104 15 69 42 75 127 9 42 50 104 84 69 1 36 -70 -72 -66 -127 69 -72 -125 -17 109 14 19 87 -109 83 78 -17 48 33 -6 20 18 -70 82 -11 106 112 97 -103 64 21 71 102 -41 102 19 35 -2 -12 -125 27 -9 -83 109 -73 120 70 -107 -94 41 23 -28 102 0 125 -110 -127 21 12 110 31 120 35 -36 38 -56 11 -32 -67 -9 -41 27 122 64 -20 110 -77 -73 -42 20 -109 1 -71 -48 -78 7 39 116 102 0 0 0 0 0 0 0 0 0 0 0 0 0 0 0 0 0 0 0 0 0 0
-9 -54 -95 78 -118 -24 -46 77 -97 82 -113 97 -66 23 42 -61 -110 -85 -65 119 37 10 33 73 -97 102 -79 -37 73 99 -15 31 14 -45 -119 -101 -64 4 97 66 -116 -108 -99 -12 25 -54 -112 52 -47 29 -95 69 -112 92 -50 -112 -55 -37 -56 -47 -118 -110 -60 125 -77 118 48 -18 94 -96 -74 -55 -38 -73 -33 108 -116 -49 46 -36 1 66 6 -11 77 -68 -28 79 10 -3 -98 112 -67 74 97 64 104 -12 4 -20 -61 -76 70 -42 -9 -56 115 0 0 0 0 0 0 0 0 0 0 0 0 0 0 0 0 0 0 0 0 0
42 66 -79 14 -112 -38 -47 -36 34 -9 -103 104 -88 84 80 -119 -61 48 -93 -77 3 -8 -17 -8 -86 88 40 -102 -10 -41 -101 115 -121 88 -4 -47 -20 -44 -38 -113 -124 73 -100 -95 7 -106 104 119 1 -75 98 -74 66 45 56 65 -2 -2 -98 -53 78 -108 -120 105 -40 16 -34 92 -16 -91 115 105 -44 25 125 -56 -128 -48 -121 106 63 117 126 -120 45 -36 121 2 58 -62 -29 22 124 -62 -117 10 113 120 44 101 100 105 45 122 13 108 -89 108 0 0 0 0 0 0 0 0 0 0 0 0 0 0 0 0 0 0 0 0
10 -97 -116 44 116 103 46 74 -128 -104 -27 -22 -115 43 -8 44 78 48 34 64 -18 -19 74 54 -11 -61 -43 -103 44 44 91 -119 95 126 15 -4 89 72 -84 -11 77 78 -85 -18 -34 -1 78 -94 -126 64 64 65 -108 58 110 -120 101 -113 -104 -65 -111 -97 -70 107 53 126 70 -25 65 15 -36 41 -48 30 -101 49 -122 -64 69 5 -13 33 -55 -125 -48 30 30 97 -20 -30 121 -125 120 67 126 5 -35 -58 -78 78 -125 -68 -68 37 58 11 46 -22 -103 0 0 0 0 0 0 0 0 0 0 0 0 0 0 0 0 0 0 0
94 89 115 -100 -66 -88 -5 -73 -112 -38 -77 -17 -91 82 -45 -120 95 -116 -118 -27 15 -128 -23 106 -99 17 88 51 -17 -24 -97 -7 -47 84 -86 109 -73 59 -15 -109 49 74 31 -21 -121 105 -56 -6 -80 36 56 -7 -68 -101 55 -37 38 47 -59 -38 -27 73 -63 20 34 -82 72 -25 20 -47 56 82 1 6 97 5 -39 44 21 122 -99 64 74 125 92 35 96 -105 -45 -98 80 117 -99 -31 75 58 -41 -40 105 -77 53 95 -22 100 -96 -77 -63 43 23 -62 0 0 0 0 0 0 0 0 0 0 0 0 0 0 0 0 0 0
73 -95 -75 -128 -127 -54 -91 46 -99 -98 -32 22 70 63 -51 -105 -112 -88 -52 112 -126 -72 67 36 -44 6 66 14 115 -64 11 -65 -13 82 37 39 -96 80 93 113 119 10 16 121 -17 -34 46 -120 14 -71 10 -73 87 64 62 118 64 -19 -115 -112 -99 94 30 19 116 -43 -127 -80 -112 -81 -55 -62 -99 -123 -43 119 103 57 -74 119 -24 21 -113 108 5 95 22 0 30 -101 94 -66 109 -124 -1 -121 13 116 -47 58 127 -53 -87 30 108 -72 69 -100 -117 96 -119 0 0 0 0 0 0 0 0 0 0 0 0 0 0 0 0 0
-15 -82 -119 -84 13 -30 -102 -4 -112 -109 52 -23 58 -125 84 111 60 104 86 -46 -72 116 8 118 82 -66 -38 -33 126 -82 30 16 43 -65 -120 123 122 -91 111 124 11 8 -79 98 86 -38 -108 -39 69 20 -44 -5 71 -114 115 -61 92 -103 96 55 81 -61 57 -5 -108 85 -32 70 123 36 -70 -126 -85 74 119 -65 -12 -121 -128 91 10 86 49 59 -34 117 -40 -50 117 -91 11 73 -92 16 -23 -82 -110 26 -124 -122 -95 -110 -47 -92 123 -37 -31 -98 -11 59 -67 86 0 0 0 0 0 0 0 0 0 0 0 0 0 0 0 0
54 -67 122 100 121 2 29 -20 108 -11 -104 -115 -121 87 34 -12 -83 110 -50 -32 -90 38 127 -25 -20 17 -72 12 102 -34 -47 -67 81 -36 -56 42 74 113 -113 29 22 -125 -4 -16 12 -46 -9 -77 -55 123 8 57 125 16 52 18 3 10 -2 53 112 -49 38 -56 -108 87 100 66 -100 -119 121 -68 -11 12 63 -45 27 0 -109 10 -3 104 -38 112 -41 65 -69 3 -62 60 120 -50 -61 -63 115 121 -49 -37 73 33 46 77 115 -23 106 21 103 55 -1 17 64 -7 -51 0 0 0 0 0 0 0 0 0 0 0 0 0 0 0
9 -91 13 -59 68 95 -12 -97 -71 -82 -116 -128 -123 -40 -15 73 -35 123 -47 76 -34 -18 115 -42 105 10 64 -58 11 62 22 -89 98 -94 -64 -27 16 79 -15 56 -123 2 -17 127 -106 70 -99 47 -73 -19 -36 -70 49 -39 36 65 -104 60 -29 -81 44 -113 43 25 -34 124 88 28 1 -75 112 -57 42 102 33 40 125 100 -128 -30 -115 -1 64 -58 -125 -106 68 -34 -26 100 -54 -12 -102 77 33 73 33 -33 108 -33 32 116 104 -83 -99 8 -68 115 54 13 60 -85 35 -21 0 0 0 0 0 0 0 0 0 0 0 0 0 0
17 101 -100 -18 110 -43 -50 -25 -17 -52 60 -111 -31 -119 -114 -121 -39 68 67 14 61 -49 11 -103 69 -21 -12 30 122 0 -1 -87 22 -73 76 99 51 -116 51 -52 65 -104 41 -28 -61 118 25 16 91 35 49 -123 -19 -125 63 -47 27 96 -77 60 -28 113 -61 -61 67 86 125 91 -23 119 12 -38 23 -106 101 5 97 2 100 -117 22 -30 61 92 97 82 -93 -27 70 14 -1 23 -19 -15 -100 -18 -24 -53 -33 67 -123 32 71 118 -92 22 -104 27 -67 -108 -124 44 46 106 -81 0 0 0 0 0 0 0 0 0 0 0 0 0
-125 53 -86 -113 -117 58 17 89 120 -71 -105 -22 -118 115 -61 -82 -48 121 35 76 -92 -44 68 -28 75 40 -2 44 21 91 -92 40 -128 -33 123 -54 90 -75 -33 3 47 24 17 83 34 23 -86 -103 -113 127 113 -8 15 -125 -59 -3 25 125 7 -113 -63 -49 28 -120 92 -36 47 -13 -57 38 -27 98 124 95 -38 -104 -18 56 -117 96 101 -96 -123 -121 67 40 -55 -99 24 70 69 117 30 -11 -120 -106 -29 -123 100 -112 45 22 -125 90 18 88 48 -34 123 -97 -27 -36 -43 33 57 -110 0 0 0 0 0 0 0 0 0 0 0 0
-44 -44 -14 15 -46 48 59 67 60 -127 91 84 54 71 -80 -127 25 0 -58 -96 48 84 78 124 -117 88 -45 127 -98 102 0 6 -85 2 -111 93 112 -55 -79 -29 -80 -43 106 22 89 83 123 -4 -66 85 -37 38 -20 40 5 54 125 -82 108 -48 -47 116 -6 98 4 -107 69 24 38 -106 11 20 64 -68 -81 -26 -69 -60 -101 -53 -81 98 39 44 -122 82 -126 -39 -4 -94 55 -19 72 -107 -103 -3 -26 -7 -108 -40 89 -125 -15 -128 21 32 61 17 76 106 -104 87 -105 -73 91 -61 -56 0 0 0 0 0 0 0 0 0 0 0
47 -31 30 62 -5 59 -9 -34 -110 -108 -41 16 -91 65 97 -117 -88 122 17 23 49 109 -33 75 -111 -83 -96 52 86 -124 12 -85 30 0 1 98 -48 -88 37 125 -2 23 -93 93 23 -71 -11 -36 103 -103 51 -127 49 113 84 22 -48 123 -52 81 32 -80 107 53 -93 -76 -48 101 87 -6 72 -85 126 -63 101 -46 -6 2 127 -25 29 -66 -10 49 94 -107 -89 -90 -54 -22 71 -112 -27 -43 -89 105 78 24 40 104 -13 -73 -69 37 19 -59 91 -124 -61 -122 16 46 0 88 -123 -75 126 24 0 0 0 0 0 0 0 0 0 0
105 73 65 50 -109 112 -109 -20 13 -89 -57 88 63 9 97 -25 -23 78 -91 22 75 -47 -74 0 66 39 -28 -50 93 26 45 67 -30 -88 109 123 -2 -101 -75 -48 -46 -119 -12 -40 -7 -31 -86 73 121 -16 42 35 103 -88 48 50 -67 -125 85 121 -51 -80 -42 96 98 -64 -119 -75 71 113 43 36 -48 75 87 -124 90 -97 -103 94 -34 -44 -92 107 19 64 19 -85 37 -96 56 -117 12 -29 41 116 -41 90 13 -21 94 -43 -84 63 -128 -120 -73 -49 -128 -66 102 -7 -114 4 79 40 -46 -7 -33 0 0 0 0 0 0 0 0 0
-69 -122 -35 -26 -60 -3 105 97 -113 -115 -34 -5 -17 -92 -81 71 -123 -41 -2 -50 -100 -116 84 -8 12 112 -23 -7 -9 -68 43 -51 -122 81 -103 -23 83 -115 -65 -96 -113 -22 85 123 -18 -108 -48 99 -37 -51 106 -103 -99 120 -99 -64 -9 -97 -90 58 -28 110 104 19 77 119 -48 -21 -17 105 -17 -79 55 35 -46 -12 120 110 -110 -105 69 30 -85 -118 127 97 -31 34 6 -23 -78 97 3 25 -37 -98 -113 -9 89 -114 -59 51 64 3 -41 97 -26 -111 -111 71 85 -104 -7 79 -106 -53 -80 92 51 -42 0 0 0 0 0 0 0 0
29 50 -103 -39 -76 -123 119 -73 58 9 -101 78 73 -127 -25 -95 94 14 -109 -82 -61 2 126 -69 -72 51 -115 40 74 93 87 -112 -30 -51 43 11 27 -1 7 48 -17 100 25 -26 -54 -88 72 61 89 64 102 -77 -91 28 66 -2 48 34 -39 15 71 36 -33 113 44 68 -36 -83 -23 104 -15 111 -64 -10 84 -35 -43 81 67 -113 36 77 50 46 111 30 1 57 -26 119 28 64 25 -50 -112 38 115 54 77 19 -44 99 -49 92 -120 -21 44 95 73 85 69 -93 102 88 -10 -54 59 -94 47 -81 -119 0 0 0 0 0 0 0
118 -106 38 -63 -112 -126 -63 -114 116 -1 -100 99 112 -125 107 -101 45 -82 -24 -58 55 88 -75 3 -108 -94 89 13 71 -115 -26 -73 109 79 -108 51 -57 124 98 66 115 -67 -5 116 -57 -46 126 -46 -86 -92 33 124 126 65 -128 6 -102 12 -33 45 56 13 -2 -64 -20 -53 -71 8 -114 -6 -83 39 -99 -123 -32 -108 16 115 -84 54 57 -50 104 -27 5 81 56 78 -36 34 -10 23 -44 -15 -102 -48 -5 -13 19 97 -96 -33 11 -23 -75 -105 40 -10 -56 112 98 -85 -93 87 105 -14 -90 86 -76 -37 75 -101 0 0 0 0 0 0
119 -5 -114 12 -31 110 -124 89 126 126 28 -46 -116 34 -62 -99 65 83 5 -68 112 37 -13 -67 17 -66 25 61 -117 102 -11 -55 121 70 107 30 -112 33 -82 -108 -37 -122 37 35 -105 123 -83 -11 -11 88 31 -72 61 -43 -31 59 -30 -44 -18 -23 53 -16 5 121 48 -115 -61 -92 -5 -45 105 -39 80 -87 -12 -11 -58 66 51 89 -125 73 -18 69 110 -109 -92 -99 5 14 88 -116 39 -2 17 61 -38 -51 121 91 98 -104 120 64 -37 15 -46 63 8 -110 -21 13 75 -86 20 -124 -32 -37 -101 -47 -37 -83 -50 0 0 0 0 0
-66 119 85 -113 -39 93 -58 2 -27 -32 80 79 -103 30 30 -85 121 -20 -55 -26 23 4 75 0 9 38 -76 -49 35 -67 -115 -89 -49 -63 50 36 -44 -7 88 -128 6 -9 -43 123 -60 -17 -64 -128 39 -63 93 -102 -79 -4 -64 -47 78 -85 -18 -111 105 -16 -62 -110 -51 -127 -58 96 -45 -70 -56 -12 16 17 -106 -2 -84 -20 53 101 -60 83 95 -1 -10 92 -53 -17 -72 -55 104 53 91 -48 -51 33 -59 -115 -19 -38 41 34 -95 40 6 119 108 -4 65 -20 86 62 93 69 -67 -17 -58 31 69 -5 -79 -48 -76 -106 0 0 0 0
-59 120 -19 -125 55 106 -22 106 25 4 16 95 -53 53 -51 -105 -29 35 20 90 -6 -101 18 -87 -69 57 110 87 -70 -45 107 109 118 -44 110 8 -125 56 -118 98 -26 75 -15 -53 70 31 108 14 11 -30 111 123 19 71 97 101 83 -93 104 90 99 11 96 23 -20 -54 -42 40 -90 121 -34 88 -92 -34 -100 -98 6 -19 53 -12 88 -9 42 43 5 81 29 -77 -14 3 -60 114 38 22 -70 -122 46 -15 2 -111 -3 56 -67 -22 -57 56 -89 -91 99 -31 -126 -49 -39 80 -81 -24 -93 21 126 -61 2 117 -127 70 20 0 0 0
59 72 37 -2 80 25 50 -102 -79 71 -22 119 123 -59 -30 -78 2 -80 35 -21 21 100 -1 24 29 7 69 56 93 -96 38 81 -72 70 66 -56 -111 -89 -128 -118 -70 29 3 119 -46 32 -87 63 24 -20 1 80 -25 -45 -99 82 -36 79 -53 -126 120 -126 122 101 -65 116 16 -52 -89 -120 -41 22 -99 10 49 69 -26 126 -51 47 -127 -82 37 -121 17 67 109 -119 80 2 -71 -105 108 -17 71 -62 106 -20 13 72 69 -120 76 -107 -13 -23 47 70 -9 -82 52 -73 71 47 113 75 -89 -79 -38 -14 -109 112 -33 -95 -14 23 0 0
98 44 -33 118 78 -55 -112 120 49 54 23 120 19 -87 -126 13 29 -108 -108 -89 -3 -115 -125 123 -115 59 -20 -120 -97 81 -55 -98 31 -97 71 123 101 -34 -59 -48 45 14 54 -26 -71 -110 -5 103 -45 34 -97 12 -63 -106 -36 -1 -74 -67 -52 5 -57 114 32 -117 -47 65 53 -87 87 -35 101 127 -115 88 -58 110 98 -78 31 -35 -107 45 -61 4 -38 -60 2 -83 37 -33 -40 -119 -92 80 53 102 32 -39 62 -69 -54 -50 34 14 35 -20 -18 14 -85 -118 24 -105 79 89 108 -27 -94 -61 106 -8 -124 33 -28 -93 0 43 110 0
-23 -122 63 59 -66 -105 91 105 27 74 54 29 104 116 121 -9 -107 -78 -8 -100 -119 102 19 38 47 -122 58 113 -27 76 -76 -73 -66 89 -123 3 -83 68 -84 -60 -107 54 -40 47 93 23 -115 -76 74 -68 118 126 -34 -125 -73 -127 -57 -32 -16 66 42 -33 -38 -110 -76 -128 -101 -111 -20 103 -51 -79 -81 -24 71 -84 72 8 51 -76 107 120 -59 -89 -11 7 52 30 19 46 -82 -113 -66 11 12 -52 -29 -93 -105 -59 40 -94 -22 -15 38 -111 29 50 -125 -74 74 20 -58 44 -122 45 -44 57 1 123 85 -67 101 -98 -59 119 38 37
0 0 -68 79 57 104 19 30 65 7 -5 -79 75 61 -123 46 -71 83 -31 -101 25 -29 40 -118 103 -37 -52 -100 120 119 59 67 -111 -32 127 -36 -39 -23 -114 54 0 69 58 61 87 -110 111 122 -122 -60 -85 -107 -35 127 56 52 -66 50 -13 -20 31 -36 80 -40 32 -87 71 108 75 30 42 15 -86 26 6 -5 -48 -17 -1 69 108 -8 67 0 -55 108 67 -97 -123 -117 80 -112 -117 117 -124 -29 -53 55 18 51 114 -95 -59 11 10 24 -25 117 -45 80 121 71 -122 -83 -110 -58 114 -71 36 -120 86 -127 46 -82 -7 38 -84 60
0 0 -24 -10 -85 -46 92 23 117 9 -29 42 -66 126 -65 -54 -94 25 121 -86 -101 -77 24 -2 -21 -71 -79 -10 53 78 -91 -35 -9 -20 -62 122 115 -97 -41 -49 108 -128 -63 -121 94 46 -32 74 -78 -31 -108 25 -117 -70 -50 44 -79 31 -120 26 -63 56 -34 12 4 -75 -51 23 88 8 -66 110 -12 92 46 -45 51 113 23 -33 -5 -64 80 97 -112 -10 -54 15 -27 73 -16 127 102 -70 -66 -10 -23 49 110 101 -63 -87 119 77 -19 -92 -116 -11 70 -30 -32 -37 51 -97 -38 -57 -41 -55 -33 -10 9 -106 -76 88 46 -103 -63 64
0 0 0 -128 22 -114 65 48 -1 -20 -28 52 -13 -116 44 79 -63 -44 52 -110 -50 -64 26 -23 -107 -128 -126 -89 -109 -58 -117 -51 31 -53 25 69 10 -69 -102 -78 -28 -60 -63 124 104 -77 72 3 -107 -45 70 -18 -103 37 123 47 -92 -68 -52 47 -92 -59 36 -79 -34 98 32 -3 -99 -99 53 100 -34 -5 -91 93 -127 63 -91 -106 4 6 -74 -15 94 -86 -118 69 46 -14 65 117 -2 80 2 -101 -45 -88 -124 -64 -6 45 -128 -14 123 -76 -47 -11 -55 25 99 84 -65 -85 -67 103 79 -28 5 -74 69 109 -43 -51 67 20 -52 71
0 0 0 0 47 -36 -34 108 113 44 -105 19 56 -2 -82 -100 -33 43 -23 32 22 -54 -3 -27 27 -59 -28 50 -61 17 -29 123 -120 -46 -52 -1 69 -115 40 -89 -38 118 55 -97 -9 -123 -125 -125 -61 92 -13 -93 -43 -41 -65 5 19 88 4 34 39 -59 -20 6 25 -18 46 113 -96 110 -74 -57 50 43 -17 107 -47 3 23 83 -69 -82 83 71 117 46 -15 -43 -13 49 -65 20 111 81 122 4 56 -14 49 -126 57 101 -103 -94 36 -5 -1 -37 -75 26 18 -76 98 -128 -39 122 106 57 106 -6 125 -96 52 100 -97 31 87 48
0 0 0 0 0 90 -117 -37 -98 -95 118 -11 -91 2 -46 -42 44 91 117 52 58 -56 38 41 -1 76 -3 -120 62 -26 -1 50 -12 -16 -48 -113 86 5 -35 -64 -96 -110 30 113 -35 -114 -98 93 20 12 -43 -17 48 -40 68 -37 -94 22 -44 50 -99 101 2 -75 -9 126 95 -7 -114 25 22 51 115 12 35 4 74 -70 -63 2 82 -42 0 121 22 -36 -113 36 8 -71 60 -40 -90 -38 -112 108 87 91 -50 -128 -14 41 -84 -90 -21 16 84 -64 -16 53 101 -84 95 -108 -55 123 81 85 59 -20 96 -47 -45 -111 126 41 3 -27
0 0 0 0 0 0 69 45 79 -91 -110 20 -3 37 -41 -49 -57 16 94 95 94 -34 -91 -121 8 70 -62 58 120 -104 -70 10 -106 -39 31 -47 56 -12 -89 -4 -93 88 114 -102 53 -57 118 -18 -86 19 -10 70 61 -115 -114 -120 22 22 50 105 -27 -93 47 -58 -43 -109 93 2 -19 21 -2 107 58 0 -12 -90 -24 -37 102 79 -68 -87 -92 -37 30 -14 111 122 -95 59 64 60 89 24 107 124 120 87 61 -70 85 117 -10 -73 -9 95 -72 -55 -55 -46 115 76 -31 20 -51 -43 -42 -36 42 -81 -115 -7 56 -71 -55 51 -48 122
0 0 0 0 0 0 0 36 -3 35 28 -50 -9 43 97 -50 -63 -77 -47 -84 27 77 -32 -30 -24 65 -38 -76 -82 -95 -29 40 -87 -31 27 127 -44 -103 62 -58 -108 -5 115 102 -22 39 -26 -89 39 -8 63 42 97 71 85 108 -71 -32 -35 80 122 69 -14 -45 84 -123 -34 -27 -83 -68 124 127 70 -27 -111 -54 5 124 65 -36 123 64 -14 -73 61 28 -108 42 67 -118 -104 87 -6 -49 103 -18 88 49 34 -84 -1 -84 80 -44 -95 23 -119 -39 54 37 -53 -104 90 -105 -40 92 31 -109 28 -73 53 76 -91 -75 -2 -120 37 55
0 0 0 0 0 0 0 0 -19 -108 96 -41 123 110 66 63 -1 111 67 114 27 21 41 118 81 -39 -47 -46 -38 3 -73 -96 38 64 -2 125 17 80 9 3 -66 16 -2 -93 -49 1 96 69 -101 92 117 -53 -97 110 8 111 39 -41 -116 -98 106 -74 28 -113 -26 121 22 -124 75 27 34 36 -41 8 -117 97 27 -43 13 61 36 110 107 -101 119 -31 -23 9 -37 -122 -37 -77 86 -98 -44 -31 -106 40 -12 -113 -80 64 -94 -11 70 45 76 -31 -70 83 -49 -28 43 -116 -60 71 -7 15 -85 73 -75 -1 -52 -12 -126 -125 10 -62
0 0 0 0 0 0 0 0 0 -72 107 -7 -110 72 -89 118 -128 -100 -108 -23 -47 71 -6 123 76 -73 -4 -126 26 126 99 -127 76 28 -21 -79 127 48 -121 122 -33 119 50 102 50 8 72 17 -84 125 17 116 123 -111 98 -96 9 -18 -15 -112 74 4 -42 110 -119 107 69 -37 28 -60 -115 -44 -67 44 19 -2 -100 -123 -75 16 -91 -15 -120 -93 37 48 -111 28 -49 76 -71 -32 82 -3 -48 91 35 55 -107 27 -50 -38 42 -70 -43 111 -97 119 -76 94 -120 -120 90 -117 -29 37 -128 -37 -59 124 71 -84 -73 76 91 -118 100 123
0 0 0 0 0 0 0 0 0 0 -68 57 -69 -21 -119 84 -110 -70 -60 81 -34 -112 0 -83 -127 107 -81 42 107 76 121 15 -59 -104 16 35 -27 49 13 -33 61 -69 2 22 73 -90 -57 1 22 -87 -92 95 85 115 41 12 106 117 -90 -98 -68 50 -114 44 -26 39 -71 -96 -62 -97 -4 85 -39 -46 -31 -126 5 -1 -16 126 -2 -78 122 -47 120 64 -85 43 75 72 -118 56 -95 -33 -12 -26 116 46 -120 -38 40 87 -123 83 -122 101 -75 -24 -108 -2 113 -110 -28 -102 46 57 44 -119 -120 -26 118 37 -37 22 -70 -73 114 95
0 0 0 0 0 0 0 0 0 0 0 -91 -100 -93 -20 66 -62 -74 38 108 10 95 97 -126 115 90 44 88 -51 -114 -124 87 -128 -109 69 -78 76 113 69 27 -38 -33 40 104 -28 -96 86 -126 29 -67 -11 99 -95 -33 -1 -72 -67 -119 33 -119 69 -50 -18 70 -103 -13 -61 -102 -2 119 -53 -23 80 96 -123 -66 -100 -77 -113 51 -7 53 64 -16 -126 -77 -87 26 -38 -44 -97 -42 -48 76 2 56 29 -20 86 -98 -112 -105 3 -47 100 46 -25 -14 26 -114 78 111 -50 -128 -82 115 55 17 103 -31 20 -7 -30 -107 11 -3 -43 -72
0 0 0 0 0 0 0 0 0 0 0 0 32 -60 -112 36 -50 31 119 -81 58 41 -83 3 -14 103 -6 103 92 -128 -76 -12 101 39 1 -105 112 116 -72 -21 112 -48 43 51 58 36 -81 -6 97 -120 8 -62 26 30 2 77 -99 -113 35 -44 -22 92 56 -31 -19 -120 57 64 -9 -20 -106 52 95 14 -99 119 78 -80 -26 103 -32 -31 -90 -98 71 -111 48 43 108 -9 60 88 -84 69 -121 54 57 85 57 -67 -19 -3 -85 -7 17 5 46 -33 19 -93 65 -33 49 28 30 -124 -46 39 44 88 40 -113 -10 96 -80 20 37 45
0 0 0 0 0 0 0 0 0 0 0 0 0 -9 -78 111 -22 -86 -39 36 -105 -13 69 -19 127 -110 -65 31 -115 123 103 13 -77 -125 18 -66 16 27 -113 -70 36 118 -74 -39 89 -127 127 56 -88 92 -20 -27 44 11 -26 70 -105 -117 6 75 -100 0 40 33 76 7 62 -29 11 -69 -43 -32 -69 49 -46 120 -41 55 66 -36 -10 -112 12 -4 -22 -4 -66 -96 94 -125 -91 110 -54 -40 76 -63 11 -108 -102 54 -40 109 57 -49 103 -44 -119 37 -2 75 -11 -95 105 36 77 -72 27 -46 11 -7 5 18 67 -6 84 -93 61 98
0 0 0 0 0 0 0 0 0 0 0 0 0 0 -128 -79 -107 18 -126 -96 74 -93 -72 -100 126 127 52 14 -90 41 -128 -71 79 -62 -39 102 121 51 105 -24 -105 25 46 -44 55 123 41 117 92 -100 -18 104 77 122 70 -18 -57 10 32 126 82 94 -55 75 91 13 -66 -58 -53 109 -11 -34 -96 105 -59 -107 -102 -19 59 -35 -77 65 -121 -44 -17 1 20 -76 -47 -94 60 31 66 24 -28 27 44 -115 11 -100 85 -40 -70 -14 22 -81 30 -23 -28 -19 36 20 80 95 33 -67 54 -60 -90 96 -69 -82 -97 -108 -121 121 79 78
0 0 0 0 0 0 0 0 0 0 0 0 0 0 0 -20 -100 13 -90 113 87 -109 24 -70 70 79 -107 -77 100 -107 -32 91 9 84 -75 -63 86 19 -86 65 44 -54 106 -95 -89 -15 92 107 -114 102 0 -11 27 -75 -65 38 -31 -39 36 -26 108 115 3 35 -39 36 -79 -103 76 102 111 -82 -109 -74 16 70 -63 116 -49 72 74 -9 -100 -82 103 1 90 -117 -62 -99 -67 91 -28 -15 -108 18 -64 92 88 -33 -126 25 56 -45 -29 -118 -31 -29 -123 50 -57 99 -29 -116 81 80 -66 82 -89 31 -102 3 -124 58 70 112 -63 63
0 0 0 0 0 0 0 0 0 0 0 0 0 0 0 0 -7 -79 109 -32 -22 -74 -90 -119 -97 -80 87 -94 105 -26 -106 80 122 94 -108 -19 -94 -82 -41 92 -110 29 59 -78 108 -12 -74 36 -52 23 55 54 -117 36 65 7 89 -33 -86 -51 -112 -3 -90 -33 107 89 -78 112 50 -81 -119 101 -70 -96 103 119 91 -88 114 -64 34 62 51 60 -85 80 -103 111 -75 7 103 81 -121 -28 47 -16 -113 -43 -22 -18 -35 -13 -48 -104 11 -101 -57 104 -11 39 -15 -122 34 -128 17 -33 55 35 4 8 7 6 -115 71 60 73 105 27
0 0 0 0 0 0 0 0 0 0 0 0 0 0 0 0 0 81 17 5 -112 19 18 -80 13 -123 -16 5 5 -25 -68 109 72 66 14 -79 -49 -10 -126 -37 -48 41 -115 -40 44 -32 124 34 92 -46 38 123 70 -44 70 -90 108 31 73 -57 -94 -104 -58 63 -51 -99 99 -57 113 -109 -25 26 -3 -4 -52 -87 120 -36 15 -112 32 -117 79 95 -33 70 -98 -115 -88 -27 -26 -37 -11 -44 118 -128 34 -97 -27 -35 92 -7 102 -26 49 31 46 -6 -98 103 -125 -12 -14 100 -43 126 -18 -115 126 20 56 -19 -90 -119 -37 -7 -60 64
0 0 0 0 0 0 0 0 0 0 0 0 0 0 0 0 0 0 -13 -7 100 -32 29 -92 15 -109 118 27 80 -30 70 -103 78 -61 7 -107 -77 -95 106 -72 -79 0 -65 -102 123 57 -126 -59 92 24 -3 -117 -81 36 -84 -72 -14 -60 91 -15 25 21 -7 8 -100 80 -89 -22 2 10 48 77 -11 -85 35 21 50 117 22 -113 60 97 49 -7 122 -77 86 -86 -12 -110 5 -14 -61 -63 97 -12 93 -60 -12 119 102 -87 -89 7 55 -65 -28 56 -98 -29 -100 10 -80 -55 72 13 -86 -78 90 46 -51 -30 -28 -26 -71 13 55 -51
0 0 0 0 0 0 0 0 0 0 0 0 0 0 0 0 0 0 0 71 -15 29 -80 71 107 -121 -34 29 -6 -37 -41 -89 35 104 44 69 46 22 -77 5 36 103 34 7 -77 -96 107 -19 117 114 -16 -90 -8 -81 -53 100 17 10 -31 67 -63 -30 -101 -69 -87 -80 -111 69 -83 82 -64 37 -56 -57 110 -27 111 -55 30 -1 -40 -2 -87 22 5 84 2 -16 97 16 32 -4 19 91 65 54 6 77 26 97 1 5 -52 34 5 64 -59 -101 39 -52 -78 -65 -36 -50 81 -102 89 -108 -116 -63 -56 -93 -21 19 -10 -89 -19 -104
0 0 0 0 0 0 0 0 0 0 0 0 0 0 0 0 0 0 0 0 -124 10 71 4 30 -48 -11 -126 -80 120 51 65 -61 67 57 63 -37 111 64 -45 -58 -52 78 -86 -34 56 86 21 92 2 -13 -93 -110 -114 116 -83 119 -38 -49 -113 64 -25 -101 29 67 15 -15 -115 -34 65 -21 124 -63 -104 6 -89 -123 3 -95 116 -106 -56 -128 56 -99 -2 -98 -43 -109 -14 50 -43 70 40 -104 11 12 56 -52 -93 125 36 -109 -19 -26 -126 33 -85 -117 92 -71 -81 57 -67 51 7 -78 92 -70 -45 24 102 81 -81 92 117 29 46
0 0 0 0 0 0 0 0 0 0 0 0 0 0 0 0 0 0 0 0 0 -79 102 -35 -9 -72 -9 -113 8 -117 124 -27 -45 90 109 116 104 -57 -82 -17 -101 23 -106 -42 126 -104 -100 88 85 -28 -118 107 77 110 50 -30 -98 29 4 -101 -1 113 124 76 -96 -25 -31 45 56 54 34 -10 -89 -66 25 -61 -29 116 109 36 -45 74 -109 -60 -72 86 -53 33 -63 -113 -38 102 -17 38 96 31 110 -21 95 -28 40 39 -112 13 -11 26 -73 35 79 122 -120 -25 -38 31 16 25 50 -120 74 53 -64 -86 25 -64 -8 -116 108 72
0 0 0 0 0 0 0 0 0 0 0 0 0 0 0 0 0 0 0 0 0 0 -93 66 113 -25 -37 96 102 0 -7 -128 -42 118 23 -103 80 0 -120 31 87 73 -10 69 -103 -119 12 116 -6 14 7 -123 23 -4 74 32 -80 -103 -60 53 47 -49 -54 7 108 13 40 29 -93 118 -113 104 8 -99 -109 -34 56 -40 17 66 -58 -15 -107 -115 115 105 -69 110 -67 -112 -13 80 100 71 -58 75 -99 101 10 -55 -68 110 -47 -44 -88 -39 -115 27 -28 22 -39 112 127 -120 63 31 -88 -38 -80 121 114 22 -55 41 21 -36 111 -105
0 0 0 0 0 0 0 0 0 0 0 0 0 0 0 0 0 0 0 0 0 0 0 -6 78 -99 110 -109 -104 97 116 -111 -112 36 121 49 -119 23 -4 34 60 -128 -56 98 26 20 -70 -123 -21 -113 -90 61 50 96 69 69 -76 -120 26 81 58 -20 -4 -42 73 1 -101 68 -13 7 50 -103 -17 -109 28 77 -78 91 -14 -86 69 101 -12 -92 -112 40 -63 -69 100 82 -81 -40 -15 103 69 -45 116 103 -97 77 -96 -99 24 70 -78 35 -70 -71 -7 -66 -92 21 29 -72 -23 115 76 -26 93 3 -78 21 48 124 71 -105 -23 92
0 0 0 0 0 0 0 0 0 0 0 0 0 0 0 0 0 0 0 0 0 0 0 0 54 95 -94 -37 -37 -108 -79 69 107 120 -32 106 -94 -87 -90 94 -20 -110 -66 -122 41 -82 -106 30 80 -28 44 40 25 72 -23 -47 0 -128 74 84 5 -15 25 95 -18 88 -108 -37 -102 -7 -106 -39 86 61 -40 -66 43 120 -34 -98 -55 -50 125 29 -18 57 12 -13 -77 121 -1 -83 -30 67 36 40 9 -87 102 -7 -96 112 -9 121 -41 -25 74 7 11 85 35 124 33 30 52 61 -119 73 90 14 114 -119 42 63 33 -8 -26 88
0 0 0 0 0 0 0 0 0 0 0 0 0 0 0 0 0 0 0 0 0 0 0 0 0 85 -17 -64 -47 -67 34 101 84 -101 -99 -117 71 31 2 -68 -110 -16 -47 -59 4 -75 -127 -66 6 93 -54 1 -15 -26 -123 -94 7 41 47 -121 22 104 97 32 -13 -7 28 75 -63 -7 -15 -66 9 125 -107 -85 -16 75 -125 24 -102 4 7 -16 -88 -100 34 -125 28 -40 -15 85 80 -39 -51 -102 -101 -46 94 111 -93 53 70 110 38 -58 116 -62 51 -77 81 -31 -44 -69 -72 -56 -94 14 -93 120 -77 56 11 -13 -52 -126 -9 69
0 0 0 0 0 0 0 0 0 0 0 0 0 0 0 0 0 0 0 0 0 0 0 0 0 0 -100 103 126 45 -40 8 -3 -71 -55 117 123 -126 13 2 -34 31 -66 121 47 104 64 13 -116 -92 115 44 36 122 62 12 57 -31 107 -78 -9 -58 124 58 66 -22 -57 0 -74 -117 34 -36 -75 -119 9 72 -56 105 63 -128 43 -2 82 -128 -26 -17 -34 103 -17 -95 84 53 -22 -119 -111 3 106 -81 72 -18 27 -35 -65 -107 7 26 109 1 -56 55 48 -107 68 -3 118 35 -109 -7 -110 99 26 -1 -75 -59 -100 -115 59 -31
0 0 0 0 0 0 0 0 0 0 0 0 0 0 0 0 0 0 0 0 0 0 0 0 0 0 0 78 -27 25 -74 64 -44 -105 1 99 71 -87 125 -32 105 75 37 11 -52 119 -80 27 20 65 104 43 16 -93 -42 41 -54 74 41 14 71 113 -85 73 11 -26 57 -48 -41 67 -8 6 -21 97 78 0 -40 84 53 -30 -116 125 -114 -58 84 106 -87 -66 -83 -50 25 64 100 76 -41 -75 98 -73 101 -14 122 -80 60 -88 -47 -22 -55 113 -32 -23 -69 -50 71 -20 -115 22 124 -38 -52 16 26 35 -113 -39 -40 64 -100 -31
0 0 0 0 0 0 0 0 0 0 0 0 0 0 0 0 0 0 0 0 0 0 0 0 0 0 0 0 0 -101 -105 17 -77 -50 -31 109 -2 58 73 -99 41 50 -47 15 72 2 -27 -19 109 -58 -48 89 -97 104 -124 23 -34 70 116 -79 -127 33 -19 -77 30 65 37 -75 3 -40 -113 65 125 -45 -105 -44 -128 -10 -11 -62 -46 58 82 -19 -40 18 -51 -98 -85 -103 -11 -39 89 -79 -48 120 -83 -77 125 -84 -113 -50 -59 22 84 44 127 -19 75 -69 68 -51 78 -113 -81 92 7 97 -112 -17 108 92 55 108 -26 105 5 46
0 0 0 0 0 0 0 0 0 0 0 0 0 0 0 0 0 0 0 0 0 0 0 0 0 0 0 0 0 9 -84 109 75 -80 67 29 -75 104 -71 24 127 33 70 117 17 113 -107 -83 -26 127 5 -80 68 55 19 26 118 -115 -10 117 -102 4 -53 66 -5 -61 2 -24 61 105 -4 72 -106 -49 1 112 85 -111 -39 37 -118 66 -64 113 -25 71 -87 55 -24 -13 -84 -125 43 93 56 -17 -14 -59 112 13 4 78 -77 -67 48 78 88 -67 118 -105 -3 -95 -47 62 -122 -26 -14 -33 -118 34 -74 49 -113 22 -126 19 99 53
0 0 0 0 0 0 0 0 0 0 0 0 0 0 0 0 0 0 0 0 0 0 0 0 0 0 0 0 0 0 32 123 -20 52 119 66 -40 -72 -120 99 37 112 -10 -5 50 108 117 -62 -65 77 89 89 -76 -11 114 -107 107 -58 -82 -118 9 41 37 23 71 -92 96 29 -117 -21 -93 -8 -10 117 -104 -119 -102 1 75 60 89 -26 10 -31 24 -85 16 50 35 37 35 119 -45 -112 -9 11 83 89 101 -93 -112 -74 -75 -60 3 -41 61 95 51 75 -19 77 77 107 29 52 -17 -39 60 44 -124 -22 78 99 30 -19 56 -59
0 0 0 0 0 0 0 0 0 0 0 0 0 0 0 0 0 0 0 0 0 0 0 0 0 0 0 0 0 0 0 80 -39 -103 90 -11 35 -109 43 -18 27 88 63 71 -115 45 -53 105 101 -85 -23 -76 -44 62 -34 27 120 -34 -61 82 -90 86 -41 69 29 -53 83 68 -79 97 118 -18 -60 84 -17 7 -29 47 -47 -62 51 -10 -51 -118 24 -112 -8 -67 -3 91 -20 119 -1 -42 78 -3 -44 105 -20 -6 -100 80 25 -1 76 60 93 -88 -9 26 -126 102 -21 104 -12 -108 -113 -112 6 111 -63 39 103 -52 113 -100 -12 2
0 0 0 0 0 0 0 0 0 0 0 0 0 0 0 0 0 0 0 0 0 0 0 0 0 0 0 0 0 0 0 0 -117 -86 100 29 -124 -42 19 -13 3 -39 -43 -108 -115 -96 -58 -125 -37 52 62 -29 -91 -79 -83 115 42 77 -92 -101 -5 57 -47 -101 84 -66 17 -114 58 -115 -60 127 -75 21 115 79 -122 105 16 -8 -47 -25 -112 -11 78 11 43 24 12 90 -58 13 84 89 -30 -55 53 121 61 112 -28 71 -53 57 -110 -107 -35 97 107 -58 0 -51 -51 -63 119 -39 -46 91 32 101 -9 -52 -120 101 62 46 -11 -36
0 0 0 0 0 0 0 0 0 0 0 0 0 0 0 0 0 0 0 0 0 0 0 0 0 0 0 0 0 0 0 0 0 -31 -124 26 -119 -38 -53 37 82 17 -7 -91 -60 19 84 122 42 -125 -36 29 85 52 69 14 -83 121 -61 33 127 44 40 -76 -111 -74 31 -79 -53 -20 -82 40 126 119 -64 40 -107 101 -22 2 -62 38 25 119 -126 -59 47 60 127 48 107 -61 -7 5 54 105 -31 33 -63 -74 82 -96 -116 29 51 -37 -5 108 0 -46 49 44 21 6 103 -2 55 -98 -23 -123 -119 -24 -92 -67 -47 84 -50 85
0 0 0 0 0 0 0 0 0 0 0 0 0 0 0 0 0 0 0 0 0 0 0 0 0 0 0 0 0 0 0 0 0 0 109 -119 -116 -88 -33 -103 100 -120 5 53 -119 23 -109 90 13 116 53 51 30 94 -96 55 -58 -45 -26 77 59 -7 31 90 0 25 42 -25 -11 -50 9 -109 9 72 19 10 -45 -117 31 -109 -15 103 -61 49 -90 99 -107 37 -47 -12 31 -78 117 -11 -9 38 -50 -76 -33 -117 -111 112 -69 93 52 5 -34 -37 -95 54 22 -69 116 -42 108 -52 -22 -15 11 42 98 -91 82 80 20 -25 -122 97
0 0 0 0 0 0 0 0 0 0 0 0 0 0 0 0 0 0 0 0 0 0 0 0 0 0 0 0 0 0 0 0 0 0 0 68 5 -58 -43 -28 -6 -9 2 51 -90 -59 -77 3 53 -96 -89 122 29 -52 45 -36 103 75 -27 -8 126 48 23 -92 -60 -118 -91 -19 5 -38 -68 -51 -56 -121 94 -35 -104 -63 95 -1 41 -115 -128 73 -69 25 -48 -120 19 -51 8 1 62 -25 -73 127 91 -70 -97 -68 55 93 49 42 116 -77 43 17 30 68 -1 -41 -10 -104 69 125 123 -124 -122 9 -50 84 124 62 -105 82 -125 104
0 0 0 0 0 0 0 0 0 0 0 0 0 0 0 0 0 0 0 0 0 0 0 0 0 0 0 0 0 0 0 0 0 0 0 0 51 -60 126 9 68 119 68 9 -64 93 27 -37 -1 -47 -125 86 92 110 -32 -49 -122 -100 15 69 -81 -17 85 -114 -27 26 124 -5 77 71 -82 19 -60 -75 79 -95 -91 57 88 -32 105 124 -125 -46 58 -123 -118 -14 123 48 51 100 104 -66 -18 -37 55 24 87 -63 -124 47 110 -15 -48 -20 45 -99 29 -114 0 101 -53 -119 -102 87 126 115 -43 -110 89 -37 7 -114 -102 -65 -127 -80
0 0 0 0 0 0 0 0 0 0 0 0 0 0 0 0 0 0 0 0 0 0 0 0 0 0 0 0 0 0 0 0 0 0 0 0 0 32 21 -114 9 54 9 113 -48 113 -90 110 -33 31 -50 83 -84 -79 62 -120 -25 48 -17 77 84 120 -5 64 72 0 -128 35 68 -62 -69 -96 -93 6 97 -53 -128 -101 47 17 57 -48 37 31 -119 76 -108 28 -7 119 -7 -94 82 10 21 -114 -39 14 103 -5 50 -21 119 -23 14 -47 -76 83 22 -124 -37 33 -79 112 72 -64 -94 33 -101 -77 -113 111 1 -18 119 -111 -58 100
0 0 0 0 0 0 0 0 0 0 0 0 0 0 0 0 0 0 0 0 0 0 0 0 0 0 0 0 0 0 0 0 0 0 0 0 0 0 -51 -90 -16 -57 -82 127 111 121 -128 -88 46 94 20 -48 -42 -51 68 45 -115 -24 -86 -120 47 59 119 115 -94 -52 0 -62 -26 -102 74 85 -61 -11 10 74 114 12 -18 50 -103 113 78 -125 -25 58 12 -60 -76 -27 -128 15 -107 14 -12 -23 100 -34 -14 91 18 -64 -3 18 -83 45 45 -70 90 105 -107 -52 117 86 -113 -100 -55 -33 0 86 -45 -116 86 34 -117 47 87 -60
0 0 0 0 0 0 0 0 0 0 0 0 0 0 0 0 0 0 0 0 0 0 0 0 0 0 0 0 0 0 0 0 0 0 0 0 0 0 0 22 -62 -85 1 -95 46 86 19 79 -21 47 -111 -3 -58 23 16 -35 -19 58 -104 76 -94 123 -113 113 114 44 34 -33 -5 -2 117 64 -114 -22 24 45 -40 121 13 89 -122 -8 92 -68 122 -107 103 -83 44 -122 101 81 67 118 85 -72 68 97 67 92 37 -110 83 62 114 -120 29 5 -63 -40 -101 -84 -89 126 56 27 117 42 -73 -25 82 2 -113 -107 35 75 -25 112
0 0 0 0 0 0 0 0 0 0 0 0 0 0 0 0 0 0 0 0 0 0 0 0 0 0 0 0 0 0 0 0 0 0 0 0 0 0 0 0 -29 70 11 102 6 77 -38 42 -91 -56 37 -5 -15 93 4 114 103 -68 -33 -104 -70 -106 6 26 -107 42 -19 38 59 -87 -79 -12 -38 -51 60 -54 -69 -111 -122 -108 -121 -28 10 19 101 -24 34 -28 -116 -57 55 65 -39 -10 76 -38 97 -4 37 -53 125 0 108 107 64 -47 -17 1 -16 60 -52 -86 53 6 -25 59 93 70 -10 -108 29 -111 6 72 108 -91 111 -59
0 0 0 0 0 0 0 0 0 0 0 0 0 0 0 0 0 0 0 0 0 0 0 0 0 0 0 0 0 0 0 0 0 0 0 0 0 0 0 0 0 66 -65 -51 90 3 115 -1 -115 -2 93 25 -35 36 10 84 98 106 1 -30 113 -19 115 108 122 29 -16 59 -17 22 -119 -31 -85 -90 109 -100 84 -31 38 114 -111 -72 -62 20 -60 45 105 -64 -18 -20 21 -90 111 -12 -62 57 -56 100 68 5 111 -70 -110 -23 -82 -108 -88 69 -107 112 -126 59 37 114 -69 -56 57 -116 84 -71 -11 -99 44 46 3 12 22 -33
0 0 0 0 0 0 0 0 0 0 0 0 0 0 0 0 0 0 0 0 0 0 0 0 0 0 0 0 0 0 0 0 0 0 0 0 0 0 0 0 0 0 -8 -82 -30 -38 11 10 -64 47 -2 -100 12 109 -29 -17 -82 -52 21 87 -36 -120 -127 -65 125 -39 46 -81 70 -6 108 -118 19 86 -44 25 -5 -111 -109 13 -88 111 6 37 45 74 14 123 -86 116 -2 106 97 -109 40 44 94 -98 18 116 23 -81 78 36 -7 107 89 97 96 62 126 -39 104 42 -124 106 51 -52 -83 -108 87 33 -14 12 114 -128 -54 -121
0 0 0 0 0 0 0 0 0 0 0 0 0 0 0 0 0 0 0 0 0 0 0 0 0 0 0 0 0 0 0 0 0 0 0 0 0 0 0 0 0 0 0 9 35 124 -125 -78 -96 75 42 -111 -44 -110 -105 27 88 120 -82 -110 -53 43 -11 -83 113 34 -115 117 37 27 28 -41 -89 -63 -39 108 -14 78 -126 37 -125 107 -9 -77 -31 104 86 109 23 -106 -31 63 26 -2 -66 102 10 -41 4 -39 41 -56 -85 43 50 44 106 30 50 19 118 64 -60 -81 -35 31 85 -47 -72 58 -91 45 -22 -32 -46 -110 126 -58
0 0 0 0 0 0 0 0 0 0 0 0 0 0 0 0 0 0 0 0 0 0 0 0 0 0 0 0 0 0 0 0 0 0 0 0 0 0 0 0 0 0 0 0 68 -43 -51 -93 105 18 -122 -105 119 124 13 -107 17 -77 20 -57 -21 112 -86 6 -43 120 -8 -56 97 -113 78 56 -5 50 -53 -52 -16 -90 -100 -11 -96 102 -49 -79 -8 95 -110 25 -117 -98 -118 114 91 -60 -15 -104 -27 -39 -29 -102 -69 84 -24 -60 2 -63 16 -61 -5 -112 -65 -35 106 -56 63 102 60 -3 25 19 -88 -103 63 81 -33 73 25 -21
0 0 0 0 0 0 0 0 0 0 0 0 0 0 0 0 0 0 0 0 0 0 0 0 0 0 0 0 0 0 0 0 0 0 0 0 0 0 0 0 0 0 0 0 0 -61 9 -72 -52 62 -73 -87 8 81 98 68 -22 -23 -83 27 75 -70 -123 3 53 -46 -24 68 30 19 117 -71 38 101 0 48 47 52 -55 121 68 34 108 -2 29 5 52 58 -83 -47 20 -103 120 84 -69 -77 -53 0 -112 56 127 111 -112 122 -99 68 107 -63 -20 15 59 -22 -17 108 32 57 -93 11 -23 49 -119 -124 -30 -5 32 -42 -49 3
0 0 0 0 0 0 0 0 0 0 0 0 0 0 0 0 0 0 0 0 0 0 0 0 0 0 0 0 0 0 0 0 0 0 0 0 0 0 0 0 0 0 0 0 0 0 -93 -87 5 -28 -71 -52 3 -71 80 -4 -40 -128 -108 3 99 38 -109 112 46 -87 92 -49 -55 38 116 -120 6 76 -28 61 71 -23 22 -128 71 -53 96 85 54 73 55 10 -7 -33 -12 -41 -82 27 59 -91 -40 0 60 43 18 -64 46 -86 115 -113 -98 -90 -32 104 125 -83 -66 -12 5 -111 80 27 71 122 -10 81 28 -74 64 44 -75 -22
0 0 0 0 0 0 0 0 0 0 0 0 0 0 0 0 0 0 0 0 0 0 0 0 0 0 0 0 0 0 0 0 0 0 0 0 0 0 0 0 0 0 0 0 0 0 0 -104 75 98 -42 -127 -94 -99 98 -47 41 52 -32 28 -118 -5 -80 124 108 -5 -37 78 -18 -128 8 -67 -114 -39 74 -78 -1 57 96 -25 110 -34 61 -47 -16 47 32 -123 -14 5 -59 -59 125 111 25 30 -8 73 -96 78 -121 76 37 53 80 -65 102 30 24 74 -64 86 -42 38 115 90 85 104 11 -107 -51 -113 99 -99 -9 -73 -108 101
0 0 0 0 0 0 0 0 0 0 0 0 0 0 0 0 0 0 0 0 0 0 0 0 0 0 0 0 0 0 0 0 0 0 0 0 0 0 0 0 0 0 0 0 0 0 0 0 -102 98 72 -84 -87 -77 69 53 39 117 25 -12 -22 99 -10 -63 -25 -67 -110 -2 -125 -85 127 80 -73 38 94 83 94 -112 -97 -4 -21 -62 88 -119 -91 70 -76 -92 -48 5 -34 -109 -47 -36 -90 -42 -85 14 -78 -76 -8 -38 -9 -120 78 64 -128 109 25 57 -46 -13 26 -114 -99 127 -7 -6 -8 63 -86 22 114 -24 -128 58 -42 58
0 0 0 0 0 0 0 0 0 0 0 0 0 0 0 0 0 0 0 0 0 0 0 0 0 0 0 0 0 0 0 0 0 0 0 0 0 0 0 0 0 0 0 0 0 0 0 0 0 -33 40 19 64 -1 -87 -34 6 -58 115 -71 114 -63 106 119 -41 -16 -111 52 -105 -108 26 -119 -52 76 -59 99 42 95 -43 -1 94 -4 29 -118 -65 79 31 -11 -37 61 -56 70 104 -115 46 38 36 -69 -26 78 46 -23 81 -57 1 -46 23 -119 -100 -34 59 45 -56 -56 -92 -125 -17 83 -99 -66 -98 50 -45 -42 -78 -76 -17 -122
0 0 0 0 0 0 0 0 0 0 0 0 0 0 0 0 0 0 0 0 0 0 0 0 0 0 0 0 0 0 0 0 0 0 0 0 0 0 0 0 0 0 0 0 0 0 0 0 0 0 22 -42 -108 102 -38 24 90 45 -74 14 -3 2 119 -61 -41 107 -60 17 14 15 110 -126 10 50 3 -22 -40 7 0 64 -78 46 103 69 -66 38 -20 19 51 70 53 -40 106 3 98 94 69 -124 -89 -62 -65 -121 -26 19 -65 118 87 -44 -6 123 -65 -121 -37 -41 62 5 -106 -41 36 -66 -82 2 8 59 27 -40 79 -46
0 0 0 0 0 0 0 0 0 0 0 0 0 0 0 0 0 0 0 0 0 0 0 0 0 0 0 0 0 0 0 0 0 0 0 0 0 0 0 0 0 0 0 0 0 0 0 0 0 0 0 122 51 63 107 120 -86 79 73 0 82 -11 72 -92 -7 -93 -124 68 105 -17 -66 17 -67 -85 20 -67 36 1 67 7 79 -52 80 -102 79 9 86 120 -117 -125 -6 -4 127 65 -101 0 104 -16 -36 75 -11 61 -20 -126 52 48 33 52 16 -120 50 98 48 -87 22 35 53 76 -82 26 72 99 15 -1 49 5 124 41
0 0 0 0 0 0 0 0 0 0 0 0 0 0 0 0 0 0 0 0 0 0 0 0 0 0 0 0 0 0 0 0 0 0 0 0 0 0 0 0 0 0 0 0 0 0 0 0 0 0 0 0 -113 59 57 43 -125 86 71 87 -116 -78 -3 -90 40 -48 94 12 -29 -25 61 -118 -53 -20 -49 -32 -54 -62 -38 70 121 -84 94 92 21 107 -59 55 43 120 -76 47 75 82 -121 -8 -73 -118 -27 88 54 74 -4 96 56 -61 102 -124 109 -54 90 78 -3 7 95 -96 84 -104 -76 74 43 -23 94 -114 82 11 -77 -21
0 0 0 0 0 0 0 0 0 0 0 0 0 0 0 0 0 0 0 0 0 0 0 0 0 0 0 0 0 0 0 0 0 0 0 0 0 0 0 0 0 0 0 0 0 0 0 0 0 0 0 0 0 -2 -37 87 103 29 -99 58 27 -44 -81 85 -37 -38 -68 -4 -58 -32 46 3 108 -72 115 4 -5 5 120 64 97 -45 89 -118 -3 52 -38 -90 -124 28 67 40 34 29 86 -11 39 -85 79 98 -100 -109 45 -42 -77 80 -26 108 -29 55 78 -44 -76 102 -85 82 37 -27 41 -120 69 91 41 -119 -121 -119 71 -101
0 0 0 0 0 0 0 0 0 0 0 0 0 0 0 0 0 0 0 0 0 0 0 0 0 0 0 0 0 0 0 0 0 0 0 0 0 0 0 0 0 0 0 0 0 0 0 0 0 0 0 0 0 0 36 -99 -4 -108 67 -70 20 -31 70 -114 -11 6 -14 -51 -91 -77 -104 -63 114 19 -47 3 -56 -89 -109 9 -52 -53 -56 32 -90 88 -62 -78 72 -109 -54 -5 -81 -77 -41 10 3 111 -112 82 -100 33 6 -79 21 76 -114 -55 -39 -33 -122 100 -46 -28 123 -128 -92 -55 22 -99 97 24 50 52 96 71 102 -117
0 0 0 0 0 0 0 0 0 0 0 0 0 0 0 0 0 0 0 0 0 0 0 0 0 0 0 0 0 0 0 0 0 0 0 0 0 0 0 0 0 0 0 0 0 0 0 0 0 0 0 0 0 0 0 -121 -51 -122 -115 13 -36 75 16 71 -13 -123 40 -74 -85 -93 -41 54 -15 -98 -29 109 30 26 69 -64 -14 102 -69 -103 -115 122 -6 -106 -77 -69 96 -78 -71 -16 -17 75 -68 -100 -121 -62 -76 90 81 -89 43 -85 121 -115 -36 85 -73 69 57 72 -110 -118 76 -21 -66 -70 -118 116 -1 99 124 -100 -46 -13
0 0 0 0 0 0 0 0 0 0 0 0 0 0 0 0 0 0 0 0 0 0 0 0 0 0 0 0 0 0 0 0 0 0 0 0 0 0 0 0 0 0 0 0 0 0 0 0 0 0 0 0 0 0 0 0 113 74 -16 96 39 3 -24 13 -44 -110 -37 -75 109 -123 6 33 30 39 -29 83 106 71 -19 124 -20 60 -76 47 -69 64 -89 69 -50 -125 -51 116 -3 79 -78 113 11 -82 44 -108 -3 23 -123 -35 -3 123 -117 16 -56 -68 -104 -107 -113 8 126 -60 -8 4 80 97 5 -25 36 -78 67 -106 71 -1
0 0 0 0 0 0 0 0 0 0 0 0 0 0 0 0 0 0 0 0 0 0 0 0 0 0 0 0 0 0 0 0 0 0 0 0 0 0 0 0 0 0 0 0 0 0 0 0 0 0 0 0 0 0 0 0 0 -39 86 -85 28 10 76 -89 37 -85 91 86 32 -99 85 121 78 89 -113 -38 102 -50 64 -17 53 -88 -99 125 36 -12 36 -123 -36 118 64 -70 49 -94 79 3 114 74 98 113 -104 19 27 48 116 -7 -104 22 116 -70 -126 76 -14 46 -19 103 -86 -8 122 -13 -8 9 89 -46 -95 61 -89 118
0 0 0 0 0 0 0 0 0 0 0 0 0 0 0 0 0 0 0 0 0 0 0 0 0 0 0 0 0 0 0 0 0 0 0 0 0 0 0 0 0 0 0 0 0 0 0 0 0 0 0 0 0 0 0 0 0 0 -20 19 31 -25 29 11 111 -84 -41 55 22 -12 -64 97 -35 -8 -80 -6 46 63 -63 84 90 -110 -35 5 -111 94 -32 72 67 -59 9 -23 -91 -14 -102 -48 -124 -125 8 -103 -12 -45 -59 -76 -1 85 119 66 -124 89 -74 71 -99 26 -54 35 -26 125 25 104 -26 -22 83 -121 -26 -93 96 59
0 0 0 0 0 0 0 0 0 0 0 0 0 0 0 0 0 0 0 0 0 0 0 0 0 0 0 0 0 0 0 0 0 0 0 0 0 0 0 0 0 0 0 0 0 0 0 0 0 0 0 0 0 0 0 0 0 0 0 -27 99 -6 64 -63 -91 19 51 -55 106 -23 -16 50 -27 47 -86 -60 24 -4 -55 13 27 -111 -112 67 4 20 87 31 35 123 -106 123 -96 73 10 73 50 -29 44 125 88 -125 46 -78 -105 -32 124 -52 -7 122 27 -102 -114 6 -80 -122 5 20 94 -28 -124 125 27 114 -85 -34 21 -2
0 0 0 0 0 0 0 0 0 0 0 0 0 0 0 0 0 0 0 0 0 0 0 0 0 0 0 0 0 0 0 0 0 0 0 0 0 0 0 0 0 0 0 0 0 0 0 0 0 0 0 0 0 0 0 0 0 0 0 0 92 -41 102 -83 108 24 109 123 75 95 71 -115 74 -18 -24 -53 116 103 80 23 -117 106 33 109 -97 -76 -121 59 58 100 52 22 -115 -100 -108 -10 -68 13 -121 -116 108 -4 -34 57 -85 -127 103 -31 47 82 33 -119 50 -2 -89 23 -124 -66 64 -87 0 -92 22 6 -6 -18 29 -9
0 0 0 0 0 0 0 0 0 0 0 0 0 0 0 0 0 0 0 0 0 0 0 0 0 0 0 0 0 0 0 0 0 0 0 0 0 0 0 0 0 0 0 0 0 0 0 0 0 0 0 0 0 0 0 0 0 0 0 0 0 -30 -17 -87 118 -87 -118 27 35 13 88 74 107 -29 32 -125 -82 22 -103 -125 -21 -19 -5 123 33 -28 -107 86 -60 36 -112 3 121 117 2 51 -12 -67 21 -10 115 -25 78 77 -42 -91 59 68 -64 -31 -83 -51 41 26 123 42 113 -92 -73 -76 10 -58 -111 -69 -126 -7 15 -113
0 0 0 0 0 0 0 0 0 0 0 0 0 0 0 0 0 0 0 0 0 0 0 0 0 0 0 0 0 0 0 0 0 0 0 0 0 0 0 0 0 0 0 0 0 0 0 0 0 0 0 0 0 0 0 0 0 0 0 0 0 0 97 -54 -30 -58 -88 -96 47 1 -99 79 56 -99 -125 92 109 46 43 70 45 -99 21 -22 16 -19 38 114 -33 -40 36 69 124 -51 -51 -55 -123 19 105 97 10 91 30 42 84 41 -58 93 43 -68 91 126 31 47 13 -124 -91 24 -115 19 -39 -22 -21 113 20 40 -54 -66
0 0 0 0 0 0 0 0 0 0 0 0 0 0 0 0 0 0 0 0 0 0 0 0 0 0 0 0 0 0 0 0 0 0 0 0 0 0 0 0 0 0 0 0 0 0 0 0 0 0 0 0 0 0 0 0 0 0 0 0 0 0 0 2 56 119 -108 -99 100 44 -39 70 70 -4 115 -6 5 -82 99 68 -69 -20 4 -99 100 84 22 89 114 118 86 63 102 118 10 110 23 -116 75 43 15 119 -105 108 -67 27 -116 8 -6 96 80 -16 32 73 17 32 72 -35 -115 -35 -32 -64 -127 51 112 125 -60 -94
0 0 0 0 0 0 0 0 0 0 0 0 0 0 0 0 0 0 0 0 0 0 0 0 0 0 0 0 0 0 0 0 0 0 0 0 0 0 0 0 0 0 0 0 0 0 0 0 0 0 0 0 0 0 0 0 0 0 0 0 0 0 0 0 -22 106 82 -121 -28 64 98 50 -52 -111 50 -40 -90 117 -70 -12 41 47 8 81 29 -54 106 73 -45 31 48 -22 -110 33 -48 -110 104 -31 -31 42 -83 -66 21 -74 2 -56 -28 -33 -61 -92 104 93 -106 -31 60 -81 -94 -55 9 68 22 -24 125 84 -33 83 -36 -117
0 0 0 0 0 0 0 0 0 0 0 0 0 0 0 0 0 0 0 0 0 0 0 0 0 0 0 0 0 0 0 0 0 0 0 0 0 0 0 0 0 0 0 0 0 0 0 0 0 0 0 0 0 0 0 0 0 0 0 0 0 0 0 0 0 123 -52 -88 -51 92 -63 -98 -88 -71 -51 -45 41 -101 78 -9 -74 -1 -77 -89 -21 105 123 42 -38 -62 41 41 -37 13 -116 -5 -56 19 70 -14 29 50 -30 104 100 57 1 -119 -111 25 67 -118 74 -93 58 17 122 40 62 103 46 119 102 80 84 -51 -87 -77
0 0 0 0 0 0 0 0 0 0 0 0 0 0 0 0 0 0 0 0 0 0 0 0 0 0 0 0 0 0 0 0 0 0 0 0 0 0 0 0 0 0 0 0 0 0 0 0 0 0 0 0 0 0 0 0 0 0 0 0 0 0 0 0 0 0 -104 90 -105 43 121 -35 62 -2 -127 77 -50 3 -118 107 106 -66 -36 31 -31 26 68 87 -33 2 68 -13 -80 112 -124 -27 30 -97 -99 53 -31 36 60 -117 113 -92 2 -47 113 -71 110 -20 -45 -61 -127 -11 115 -113 4 -92 49 126 -52 -57 110 14 66 -121
0 0 0 0 0 0 0 0 0 0 0 0 0 0 0 0 0 0 0 0 0 0 0 0 0 0 0 0 0 0 0 0 0 0 0 0 0 0 0 0 0 0 0 0 0 0 0 0 0 0 0 0 0 0 0 0 0 0 0 0 0 0 0 0 0 0 0 26 95 105 18 122 -46 73 87 -55 38 62 100 100 40 122 92 -34 72 86 -93 116 -55 -123 -19 94 -81 38 16 -59 -5 13 -62 96 121 30 43 63 57 45 -109 105 116 -113 -128 -122 -56 -92 -41 77 -98 -94 -16 72 -82 -53 -2 34 -106 98 -8 108
0 0 0 0 0 0 0 0 0 0 0 0 0 0 0 0 0 0 0 0 0 0 0 0 0 0 0 0 0 0 0 0 0 0 0 0 0 0 0 0 0 0 0 0 0 0 0 0 0 0 0 0 0 0 0 0 0 0 0 0 0 0 0 0 0 0 0 0 16 -35 31 86 27 -13 -29 -14 -8 -117 47 -71 -86 80 -77 119 118 127 -1 -89 -50 6 97 81 -62 1 65 -91 -116 103 127 -39 -61 -42 -13 -50 -99 -17 -26 -102 -74 -37 -40 -103 -108 79 -67 -122 -97 -25 124 69 90 -16 -51 -17 52 9 34 96
0 0 0 0 0 0 0 0 0 0 0 0 0 0 0 0 0 0 0 0 0 0 0 0 0 0 0 0 0 0 0 0 0 0 0 0 0 0 0 0 0 0 0 0 0 0 0 0 0 0 0 0 0 0 0 0 0 0 0 0 0 0 0 0 0 0 0 0 0 83 -85 -62 -41 25 86 -81 26 22 14 115 82 62 -91 27 50 -106 121 36 -106 24 -77 -92 18 -4 -75 10 -115 -102 87 11 58 76 -35 -40 63 -103 26 111 59 29 59 62 52 -78 119 54 -4 59 -127 122 -37 67 -77 -20 -73 -122 59 -50
0 0 0 0 0 0 0 0 0 0 0 0 0 0 0 0 0 0 0 0 0 0 0 0 0 0 0 0 0 0 0 0 0 0 0 0 0 0 0 0 0 0 0 0 0 0 0 0 0 0 0 0 0 0 0 0 0 0 0 0 0 0 0 0 0 0 0 0 0 0 -18 50 -109 115 86 118 -31 110 63 65 -83 -84 48 88 -38 -34 125 39 -124 -58 31 -69 -34 -107 -128 -10 -91 35 97 68 -91 -50 67 -14 -73 86 77 106 126 4 25 5 -45 -49 -124 117 -66 51 -20 0 75 124 32 -26 40 37 78 -63
0 0 0 0 0 0 0 0 0 0 0 0 0 0 0 0 0 0 0 0 0 0 0 0 0 0 0 0 0 0 0 0 0 0 0 0 0 0 0 0 0 0 0 0 0 0 0 0 0 0 0 0 0 0 0 0 0 0 0 0 0 0 0 0 0 0 0 0 0 0 0 11 94 -10 -117 56 -73 113 35 111 34 -22 -60 -100 116 77 30 19 15 -15 24 -73 -56 31 75 114 0 79 -112 -13 11 -114 33 49 -37 -128 85 87 3 -72 0 1 59 -125 -65 52 -87 80 89 13 14 56 79 0 99 -44 39 -88
0 0 0 0 0 0 0 0 0 0 0 0 0 0 0 0 0 0 0 0 0 0 0 0 0 0 0 0 0 0 0 0 0 0 0 0 0 0 0 0 0 0 0 0 0 0 0 0 0 0 0 0 0 0 0 0 0 0 0 0 0 0 0 0 0 0 0 0 0 0 0 0 -12 85 66 41 13 -60 4 34 -14 126 86 -12 -61 -124 -19 28 9 26 -116 -108 83 45 14 -3 19 39 -23 -30 1 -51 18 43 -23 99 -59 118 122 64 -108 -117 -123 -36 60 68 91 -82 26 49 -12 -106 -105 -102 -117 20 7 87
0 0 0 0 0 0 0 0 0 0 0 0 0 0 0 0 0 0 0 0 0 0 0 0 0 0 0 0 0 0 0 0 0 0 0 0 0 0 0 0 0 0 0 0 0 0 0 0 0 0 0 0 0 0 0 0 0 0 0 0 0 0 0 0 0 0 0 0 0 0 0 0 0 115 38 -22 58 62 -77 -95 -34 -111 60 -102 29 17 -4 32 -85 49 -37 -48 -36 -46 47 -107 6 16 65 88 13 -117 -23 -7 -101 -57 -76 86 -67 -64 -90 -65 -107 -90 -117 -91 90 49 -117 12 13 -79 88 3 3 34 -94 71
0 0 0 0 0 0 0 0 0 0 0 0 0 0 0 0 0 0 0 0 0 0 0 0 0 0 0 0 0 0 0 0 0 0 0 0 0 0 0 0 0 0 0 0 0 0 0 0 0 0 0 0 0 0 0 0 0 0 0 0 0 0 0 0 0 0 0 0 0 0 0 0 0 0 -72 -39 -43 43 -88 89 -104 25 -98 -122 -95 17 -59 1 -46 -128 -94 7 -12 5 -27 -32 126 76 99 76 -128 -2 92 62 56 -97 102 74 92 -69 13 3 6 -76 -52 -85 121 109 12 39 -54 -12 1 18 37 14 22 -51
0 0 0 0 0 0 0 0 0 0 0 0 0 0 0 0 0 0 0 0 0 0 0 0 0 0 0 0 0 0 0 0 0 0 0 0 0 0 0 0 0 0 0 0 0 0 0 0 0 0 0 0 0 0 0 0 0 0 0 0 0 0 0 0 0 0 0 0 0 0 0 0 0 0 0 -112 -123 -102 -102 -102 -22 12 96 -37 -15 -121 -56 -71 -113 96 104 -72 54 83 117 -126 -76 18 -59 15 -79 60 -79 -62 -25 87 -51 -110 -122 -99 72 27 -10 114 -39 -98 119 -56 -109 -107 109 -5 62 12 -57 -6 -64 -113
0 0 0 0 0 0 0 0 0 0 0 0 0 0 0 0 0 0 0 0 0 0 0 0 0 0 0 0 0 0 0 0 0 0 0 0 0 0 0 0 0 0 0 0 0 0 0 0 0 0 0 0 0 0 0 0 0 0 0 0 0 0 0 0 0 0 0 0 0 0 0 0 0 0 0 0 -58 93 -120 -112 -84 -105 22 -118 91 24 -67 -12 -101 -45 -76 -71 -10 -71 2 121 -102 86 -49 29 31 -81 -125 -12 -101 -127 -112 89 17 -109 91 34 27 -33 -1 -94 -111 77 69 -98 127 76 65 84 -94 -51 -16 -57
0 0 0 0 0 0 0 0 0 0 0 0 0 0 0 0 0 0 0 0 0 0 0 0 0 0 0 0 0 0 0 0 0 0 0 0 0 0 0 0 0 0 0 0 0 0 0 0 0 0 0 0 0 0 0 0 0 0 0 0 0 0 0 0 0 0 0 0 0 0 0 0 0 0 0 0 0 -28 -80 -33 -7 65 104 -127 76 -1 91 -99 13 53 66 125 -63 67 -53 -36 110 21 80 102 -8 -84 -71 -121 41 -75 -56 -41 -122 89 49 -81 -37 -92 4 98 -65 107 103 93 8 -127 43 -115 107 60 -99 -66
0 0 0 0 0 0 0 0 0 0 0 0 0 0 0 0 0 0 0 0 0 0 0 0 0 0 0 0 0 0 0 0 0 0 0 0 0 0 0 0 0 0 0 0 0 0 0 0 0 0 0 0 0 0 0 0 0 0 0 0 0 0 0 0 0 0 0 0 0 0 0 0 0 0 0 0 0 0 112 -43 -81 42 55 71 82 -125 62 81 62 -1 -56 -48 86 34 -110 -26 10 -113 -82 -50 101 -94 -115 -100 74 43 54 91 -2 40 -70 -97 46 -126 -87 -59 -10 48 104 -113 -91 14 -124 -112 74 -4 -43 127
0 0 0 0 0 0 0 0 0 0 0 0 0 0 0 0 0 0 0 0 0 0 0 0 0 0 0 0 0 0 0 0 0 0 0 0 0 0 0 0 0 0 0 0 0 0 0 0 0 0 0 0 0 0 0 0 0 0 0 0 0 0 0 0 0 0 0 0 0 0 0 0 0 0 0 0 0 0 0 80 -99 -117 -104 50 -93 106 -20 -63 74 -62 -2 -46 -114 15 61 97 32 -110 106 62 -44 -116 38 -33 37 13 35 54 -53 -121 98 71 73 -11 -112 -124 100 45 -64 -92 -7 -118 -51 115 -68 44 12 -70
0 0 0 0 0 0 0 0 0 0 0 0 0 0 0 0 0 0 0 0 0 0 0 0 0 0 0 0 0 0 0 0 0 0 0 0 0 0 0 0 0 0 0 0 0 0 0 0 0 0 0 0 0 0 0 0 0 0 0 0 0 0 0 0 0 0 0 0 0 0 0 0 0 0 0 0 0 0 0 0 120 104 -60 -22 -128 -86 -26 46 47 -14 -30 93 60 100 -85 20 -76 18 -29 25 -21 62 42 22 -14 75 -83 -28 -118 -47 22 -91 -123 118 73 8 103 91 -22 92 122 62 28 48 -9 -77 40 -124
0 0 0 0 0 0 0 0 0 0 0 0 0 0 0 0 0 0 0 0 0 0 0 0 0 0 0 0 0 0 0 0 0 0 0 0 0 0 0 0 0 0 0 0 0 0 0 0 0 0 0 0 0 0 0 0 0 0 0 0 0 0 0 0 0 0 0 0 0 0 0 0 0 0 0 0 0 0 0 0 0 -22 26 -19 48 25 -60 -70 57 -45 -120 -107 114 111 -6 -60 78 -29 -87 98 -85 -7 -80 28 2 127 100 71 -56 82 40 -17 7 121 -73 -72 -17 -18 -42 -61 94 94 -34 65 -123 74 -6 36
0 0 0 0 0 0 0 0 0 0 0 0 0 0 0 0 0 0 0 0 0 0 0 0 0 0 0 0 0 0 0 0 0 0 0 0 0 0 0 0 0 0 0 0 0 0 0 0 0 0 0 0 0 0 0 0 0 0 0 0 0 0 0 0 0 0 0 0 0 0 0 0 0 0 0 0 0 0 0 0 0 0 108 -60 122 29 52 -49 -88 -3 18 56 -124 15 -75 40 -122 -21 126 -8 -12 28 109 112 -90 20 74 117 -15 -63 95 -29 105 3 47 -47 -90 -2 52 -112 44 86 -14 14 33 -21 -5 13
0 0 0 0 0 0 0 0 0 0 0 0 0 0 0 0 0 0 0 0 0 0 0 0 0 0 0 0 0 0 0 0 0 0 0 0 0 0 0 0 0 0 0 0 0 0 0 0 0 0 0 0 0 0 0 0 0 0 0 0 0 0 0 0 0 0 0 0 0 0 0 0 0 0 0 0 0 0 0 0 0 0 0 -24 -37 -121 -45 83 103 -9 -105 -48 127 -38 26 10 85 -110 -121 73 108 117 -58 101 23 9 51 -12 126 -102 44 -117 112 15 -116 -3 -8 -120 13 -34 60 77 -120 -122 74 120 -81 -21
0 0 0 0 0 0 0 0 0 0 0 0 0 0 0 0 0 0 0 0 0 0 0 0 0 0 0 0 0 0 0 0 0 0 0 0 0 0 0 0 0 0 0 0 0 0 0 0 0 0 0 0 0 0 0 0 0 0 0 0 0 0 0 0 0 0 0 0 0 0 0 0 0 0 0 0 0 0 0 0 0 0 0 0 -33 88 14 116 -54 -65 -32 -98 -71 -18 -4 74 15 -87 -17 -124 -85 97 -74 37 127 67 80 -72 -109 112 -7 -27 67 87 15 78 -102 104 -113 -5 -101 -105 52 -47 -3 41 -17 80
0 0 0 0 0 0 0 0 0 0 0 0 0 0 0 0 0 0 0 0 0 0 0 0 0 0 0 0 0 0 0 0 0 0 0 0 0 0 0 0 0 0 0 0 0 0 0 0 0 0 0 0 0 0 0 0 0 0 0 0 0 0 0 0 0 0 0 0 0 0 0 0 0 0 0 0 0 0 0 0 0 0 0 0 0 104 -17 21 27 -89 20 -126 -83 17 127 80 -20 -46 -2 81 -27 -19 81 -5 -122 -102 -121 -99 26 -53 123 -44 6 -89 -26 -111 53 -64 -106 -28 83 67 8 51 120 31 46 109
0 0 0 0 0 0 0 0 0 0 0 0 0 0 0 0 0 0 0 0 0 0 0 0 0 0 0 0 0 0 0 0 0 0 0 0 0 0 0 0 0 0 0 0 0 0 0 0 0 0 0 0 0 0 0 0 0 0 0 0 0 0 0 0 0 0 0 0 0 0 0 0 0 0 0 0 0 0 0 0 0 0 0 0 0 0 125 -104 -122 -19 -92 -86 9 -55 69 54 -59 -107 103 25 -54 -79 -111 52 -65 -12 -83 114 48 -52 126 119 -20 -38 -40 56 5 10 39 92 -79 -36 14 27 -56 61 -17 79
0 0 0 0 0 0 0 0 0 0 0 0 0 0 0 0 0 0 0 0 0 0 0 0 0 0 0 0 0 0 0 0 0 0 0 0 0 0 0 0 0 0 0 0 0 0 0 0 0 0 0 0 0 0 0 0 0 0 0 0 0 0 0 0 0 0 0 0 0 0 0 0 0 0 0 0 0 0 0 0 0 0 0 0 0 0 0 58 121 79 17 -83 -29 -72 25 21 -25 -53 -1 -56 -128 -26 -13 -103 126 -32 39 -78 -66 -60 64 44 75 -21 119 106 -74 -78 -35 74 -63 -78 -44 36 39 61 85 -27
0 0 0 0 0 0 0 0 0 0 0 0 0 0 0 0 0 0 0 0 0 0 0 0 0 0 0 0 0 0 0 0 0 0 0 0 0 0 0 0 0 0 0 0 0 0 0 0 0 0 0 0 0 0 0 0 0 0 0 0 0 0 0 0 0 0 0 0 0 0 0 0 0 0 0 0 0 0 0 0 0 0 0 0 0 0 0 0 -126 119 34 74 93 65 -58 -102 21 81 103 116 114 -32 -23 69 -47 -44 -30 85 -48 113 -3 18 -89 -79 58 22 61 -73 -124 46 63 -12 -13 77 -99 39 -101 -110
0 0 0 0 0 0 0 0 0 0 0 0 0 0 0 0 0 0 0 0 0 0 0 0 0 0 0 0 0 0 0 0 0 0 0 0 0 0 0 0 0 0 0 0 0 0 0 0 0 0 0 0 0 0 0 0 0 0 0 0 0 0 0 0 0 0 0 0 0 0 0 0 0 0 0 0 0 0 0 0 0 0 0 0 0 0 0 0 0 68 87 -60 -21 -118 16 90 -48 72 -33 111 9 -70 62 -75 -122 107 -21 117 13 -48 40 -34 110 11 8 -50 -34 -89 61 -49 -9 122 49 -2 -24 116 -102 110
0 0 0 0 0 0 0 0 0 0 0 0 0 0 0 0 0 0 0 0 0 0 0 0 0 0 0 0 0 0 0 0 0 0 0 0 0 0 0 0 0 0 0 0 0 0 0 0 0 0 0 0 0 0 0 0 0 0 0 0 0 0 0 0 0 0 0 0 0 0 0 0 0 0 0 0 0 0 0 0 0 0 0 0 0 0 0 0 0 0 117 -113 -60 -89 -90 67 -56 -113 -97 83 -3 -22 -31 -113 43 -71 108 66 -110 -125 -124 83 60 -104 31 76 -124 -91 29 -48 -69 -81 49 122 -120 97 42 89
0 0 0 0 0 0 0 0 0 0 0 0 0 0 0 0 0 0 0 0 0 0 0 0 0 0 0 0 0 0 0 0 0 0 0 0 0 0 0 0 0 0 0 0 0 0 0 0 0 0 0 0 0 0 0 0 0 0 0 0 0 0 0 0 0 0 0 0 0 0 0 0 0 0 0 0 0 0 0 0 0 0 0 0 0 0 0 0 0 0 0 56 53 0 -94 -74 -63 -75 52 20 -88 -110 49 125 -93 93 -21 -92 80 49 -121 109 -80 -58 -44 24 -84 -100 65 82 36 48 20 55 -53 -119 -62 21
0 0 0 0 0 0 0 0 0 0 0 0 0 0 0 0 0 0 0 0 0 0 0 0 0 0 0 0 0 0 0 0 0 0 0 0 0 0 0 0 0 0 0 0 0 0 0 0 0 0 0 0 0 0 0 0 0 0 0 0 0 0 0 0 0 0 0 0 0 0 0 0 0 0 0 0 0 0 0 0 0 0 0 0 0 0 0 0 0 0 0 0 124 -65 -18 -90 -50 92 -73 -31 -20 -89 -102 47 34 -43 -79 -45 50 46 6 -126 35 -16 70 -117 39 -37 -43 -30 -112 -11 25 127 27 -124 43 122
0 0 0 0 0 0 0 0 0 0 0 0 0 0 0 0 0 0 0 0 0 0 0 0 0 0 0 0 0 0 0 0 0 0 0 0 0 0 0 0 0 0 0 0 0 0 0 0 0 0 0 0 0 0 0 0 0 0 0 0 0 0 0 0 0 0 0 0 0 0 0 0 0 0 0 0 0 0 0 0 0 0 0 0 0 0 0 0 0 0 0 0 0 49 -63 -28 25 -125 -4 8 -70 111 52 44 -74 119 -96 -41 -7 -9 24 -11 77 100 -49 -87 -103 87 27 23 12 3 32 -70 120 -11 -77 120
0 0 0 0 0 0 0 0 0 0 0 0 0 0 0 0 0 0 0 0 0 0 0 0 0 0 0 0 0 0 0 0 0 0 0 0 0 0 0 0 0 0 0 0 0 0 0 0 0 0 0 0 0 0 0 0 0 0 0 0 0 0 0 0 0 0 0 0 0 0 0 0 0 0 0 0 0 0 0 0 0 0 0 0 0 0 0 0 0 0 0 0 0 0 50 33 73 -16 -106 13 71 -19 111 89 -52 -48 82 -18 -127 -56 34 -57 100 68 -52 -53 -122 -79 -25 -13 -33 -28 6 122 80 -75 70 55
0 0 0 0 0 0 0 0 0 0 0 0 0 0 0 0 0 0 0 0 0 0 0 0 0 0 0 0 0 0 0 0 0 0 0 0 0 0 0 0 0 0 0 0 0 0 0 0 0 0 0 0 0 0 0 0 0 0 0 0 0 0 0 0 0 0 0 0 0 0 0 0 0 0 0 0 0 0 0 0 0 0 0 0 0 0 0 0 0 0 0 0 0 0 0 -71 65 -44 32 113 -35 108 103 109 -88 20 88 -15 -31 74 -78 71 114 13 107 -55 103 66 41 106 -59 -34 46 -91 -46 -97 12 82
0 0 0 0 0 0 0 0 0 0 0 0 0 0 0 0 0 0 0 0 0 0 0 0 0 0 0 0 0 0 0 0 0 0 0 0 0 0 0 0 0 0 0 0 0 0 0 0 0 0 0 0 0 0 0 0 0 0 0 0 0 0 0 0 0 0 0 0 0 0 0 0 0 0 0 0 0 0 0 0 0 0 0 0 0 0 0 0 0 0 0 0 0 0 0 0 -111 113 48 56 0 57 63 65 -116 0 -74 4 100 -42 74 13 16 19 -97 -68 -76 -25 104 -116 -67 -42 -83 97 -101 20 122 -41
0 0 0 0 0 0 0 0 0 0 0 0 0 0 0 0 0 0 0 0 0 0 0 0 0 0 0 0 0 0 0 0 0 0 0 0 0 0 0 0 0 0 0 0 0 0 0 0 0 0 0 0 0 0 0 0 0 0 0 0 0 0 0 0 0 0 0 0 0 0 0 0 0 0 0 0 0 0 0 0 0 0 0 0 0 0 0 0 0 0 0 0 0 0 0 0 0 125 -64 -95 84 -124 79 -66 23 2 -80 -98 8 29 -26 -14 47 -43 30 -75 17 6 -65 67 -115 -6 119 96 -30 -3 -56 116
0 0 0 0 0 0 0 0 0 0 0 0 0 0 0 0 0 0 0 0 0 0 0 0 0 0 0 0 0 0 0 0 0 0 0 0 0 0 0 0 0 0 0 0 0 0 0 0 0 0 0 0 0 0 0 0 0 0 0 0 0 0 0 0 0 0 0 0 0 0 0 0 0 0 0 0 0 0 0 0 0 0 0 0 0 0 0 0 0 0 0 0 0 0 0 0 0 0 -99 82 -104 -105 57 -14 92 28 -128 63 41 107 101 -41 73 -12 -117 -83 72 -16 25 -47 112 106 70 -109 60 34 -89 -68
0 0 0 0 0 0 0 0 0 0 0 0 0 0 0 0 0 0 0 0 0 0 0 0 0 0 0 0 0 0 0 0 0 0 0 0 0 0 0 0 0 0 0 0 0 0 0 0 0 0 0 0 0 0 0 0 0 0 0 0 0 0 0 0 0 0 0 0 0 0 0 0 0 0 0 0 0 0 0 0 0 0 0 0 0 0 0 0 0 0 0 0 0 0 0 0 0 0 0 -67 -67 126 77 84 20 125 49 47 27 2 -24 36 14 13 36 87 -13 -56 -128 -67 59 -21 -26 -19 -24 99 -5 -121
0 0 0 0 0 0 0 0 0 0 0 0 0 0 0 0 0 0 0 0 0 0 0 0 0 0 0 0 0 0 0 0 0 0 0 0 0 0 0 0 0 0 0 0 0 0 0 0 0 0 0 0 0 0 0 0 0 0 0 0 0 0 0 0 0 0 0 0 0 0 0 0 0 0 0 0 0 0 0 0 0 0 0 0 0 0 0 0 0 0 0 0 0 0 0 0 0 0 0 0 114 -11 38 -89 -128 54 -39 98 111 -1 -31 22 106 -51 108 0 -64 -103 21 -118 17 -11 -69 -18 -31 97 -90 -111
0 0 0 0 0 0 0 0 0 0 0 0 0 0 0 0 0 0 0 0 0 0 0 0 0 0 0 0 0 0 0 0 0 0 0 0 0 0 0 0 0 0 0 0 0 0 0 0 0 0 0 0 0 0 0 0 0 0 0 0 0 0 0 0 0 0 0 0 0 0 0 0 0 0 0 0 0 0 0 0 0 0 0 0 0 0 0 0 0 0 0 0 0 0 0 0 0 0 0 0 0 -84 -17 -60 -17 -51 108 113 126 87 -99 -120 -103 66 58 -90 44 -4 36 50 40 19 25 50 63 -126 75 112
0 0 0 0 0 0 0 0 0 0 0 0 0 0 0 0 0 0 0 0 0 0 0 0 0 0 0 0 0 0 0 0 0 0 0 0 0 0 0 0 0 0 0 0 0 0 0 0 0 0 0 0 0 0 0 0 0 0 0 0 0 0 0 0 0 0 0 0 0 0 0 0 0 0 0 0 0 0 0 0 0 0 0 0 0 0 0 0 0 0 0 0 0 0 0 0 0 0 0 0 0 0 -87 70 47 -40 22 -23 111 -54 -98 -52 12 92 -100 104 90 -116 111 -52 -9 29 47 -38 70 -9 -38 80
0 0 0 0 0 0 0 0 0 0 0 0 0 0 0 0 0 0 0 0 0 0 0 0 0 0 0 0 0 0 0 0 0 0 0 0 0 0 0 0 0 0 0 0 0 0 0 0 0 0 0 0 0 0 0 0 0 0 0 0 0 0 0 0 0 0 0 0 0 0 0 0 0 0 0 0 0 0 0 0 0 0 0 0 0 0 0 0 0 0 0 0 0 0 0 0 0 0 0 0 0 0 0 75 104 51 104 56 101 23 47 -68 -34 41 62 110 -122 57 -40 38 -20 -112 -115 -86 -85 51 34 -104
0 0 0 0 0 0 0 0 0 0 0 0 0 0 0 0 0 0 0 0 0 0 0 0 0 0 0 0 0 0 0 0 0 0 0 0 0 0 0 0 0 0 0 0 0 0 0 0 0 0 0 0 0 0 0 0 0 0 0 0 0 0 0 0 0 0 0 0 0 0 0 0 0 0 0 0 0 0 0 0 0 0 0 0 0 0 0 0 0 0 0 0 0 0 0 0 0 0 0 0 0 0 0 0 -63 81 -119 -6 -32 -108 -62 -3 17 -48 -110 94 -25 71 -88 15 -102 110 89 67 -48 -91 -29 -30
0 0 0 0 0 0 0 0 0 0 0 0 0 0 0 0 0 0 0 0 0 0 0 0 0 0 0 0 0 0 0 0 0 0 0 0 0 0 0 0 0 0 0 0 0 0 0 0 0 0 0 0 0 0 0 0 0 0 0 0 0 0 0 0 0 0 0 0 0 0 0 0 0 0 0 0 0 0 0 0 0 0 0 0 0 0 0 0 0 0 0 0 0 0 0 0 0 0 0 0 0 0 0 0 0 47 -79 -118 -52 -104 -80 -37 114 66 -87 -92 33 -2 62 -64 -119 -89 81 73 -3 -2 -93 -65
0 0 0 0 0 0 0 0 0 0 0 0 0 0 0 0 0 0 0 0 0 0 0 0 0 0 0 0 0 0 0 0 0 0 0 0 0 0 0 0 0 0 0 0 0 0 0 0 0 0 0 0 0 0 0 0 0 0 0 0 0 0 0 0 0 0 0 0 0 0 0 0 0 0 0 0 0 0 0 0 0 0 0 0 0 0 0 0 0 0 0 0 0 0 0 0 0 0 0 0 0 0 0 0 0 0 30 -31 32 -42 54 78 -87 92 76 3 -128 -24 95 -29 48 75 -35 -85 -70 -102 49 25
0 0 0 0 0 0 0 0 0 0 0 0 0 0 0 0 0 0 0 0 0 0 0 0 0 0 0 0 0 0 0 0 0 0 0 0 0 0 0 0 0 0 0 0 0 0 0 0 0 0 0 0 0 0 0 0 0 0 0 0 0 0 0 0 0 0 0 0 0 0 0 0 0 0 0 0 0 0 0 0 0 0 0 0 0 0 0 0 0 0 0 0 0 0 0 0 0 0 0 0 0 0 0 0 0 0 0 113 26 -33 113 -111 -29 65 101 -60 123 95 17 -105 -40 -112 -62 41 -14 -55 -115 -117
0 0 0 0 0 0 0 0 0 0 0 0 0 0 0 0 0 0 0 0 0 0 0 0 0 0 0 0 0 0 0 0 0 0 0 0 0 0 0 0 0 0 0 0 0 0 0 0 0 0 0 0 0 0 0 0 0 0 0 0 0 0 0 0 0 0 0 0 0 0 0 0 0 0 0 0 0 0 0 0 0 0 0 0 0 0 0 0 0 0 0 0 0 0 0 0 0 0 0 0 0 0 0 0 0 0 0 0 32 76 40 -111 -12 73 112 -91 39 -17 -102 124 50 98 56 -121 7 36 25 -59
0 0 0 0 0 0 0 0 0 0 0 0 0 0 0 0 0 0 0 0 0 0 0 0 0 0 0 0 0 0 0 0 0 0 0 0 0 0 0 0 0 0 0 0 0 0 0 0 0 0 0 0 0 0 0 0 0 0 0 0 0 0 0 0 0 0 0 0 0 0 0 0 0 0 0 0 0 0 0 0 0 0 0 0 0 0 0 0 0 0 0 0 0 0 0 0 0 0 0 0 0 0 0 0 0 0 0 0 0 56 48 -4 -104 71 71 36 106 -39 75 -26 -111 14 118 72 -125 -72 6 1
0 0 0 0 0 0 0 0 0 0 0 0 0 0 0 0 0 0 0 0 0 0 0 0 0 0 0 0 0 0 0 0 0 0 0 0 0 0 0 0 0 0 0 0 0 0 0 0 0 0 0 0 0 0 0 0 0 0 0 0 0 0 0 0 0 0 0 0 0 0 0 0 0 0 0 0 0 0 0 0 0 0 0 0 0 0 0 0 0 0 0 0 0 0 0 0 0 0 0 0 0 0 0 0 0 0 0 0 0 0 -115 -25 74 -58 -57 -90 -109 -126 4 -59 69 -94 -25 -81 -49 2 -53 -26
0 0 0 0 0 0 0 0 0 0 0 0 0 0 0 0 0 0 0 0 0 0 0 0 0 0 0 0 0 0 0 0 0 0 0 0 0 0 0 0 0 0 0 0 0 0 0 0 0 0 0 0 0 0 0 0 0 0 0 0 0 0 0 0 0 0 0 0 0 0 0 0 0 0 0 0 0 0 0 0 0 0 0 0 0 0 0 0 0 0 0 0 0 0 0 0 0 0 0 0 0 0 0 0 0 0 0 0 0 0 0 33 -100 23 84 -52 -82 -9 -44 -94 36 46 49 -82 118 27 -2 87
0 0 0 0 0 0 0 0 0 0 0 0 0 0 0 0 0 0 0 0 0 0 0 0 0 0 0 0 0 0 0 0 0 0 0 0 0 0 0 0 0 0 0 0 0 0 0 0 0 0 0 0 0 0 0 0 0 0 0 0 0 0 0 0 0 0 0 0 0 0 0 0 0 0 0 0 0 0 0 0 0 0 0 0 0 0 0 0 0 0 0 0 0 0 0 0 0 0 0 0 0 0 0 0 0 0 0 0 0 0 0 0 97 -99 -11 36 -117 -77 20 -80 31 92 87 27 -84 45 -60 23
0 0 0 0 0 0 0 0 0 0 0 0 0 0 0 0 0 0 0 0 0 0 0 0 0 0 0 0 0 0 0 0 0 0 0 0 0 0 0 0 0 0 0 0 0 0 0 0 0 0 0 0 0 0 0 0 0 0 0 0 0 0 0 0 0 0 0 0 0 0 0 0 0 0 0 0 0 0 0 0 0 0 0 0 0 0 0 0 0 0 0 0 0 0 0 0 0 0 0 0 0 0 0 0 0 0 0 0 0 0 0 0 0 -120 -47 -122 -123 -65 34 110 72 -97 -64 92 113 24 -26 90
0 0 0 0 0 0 0 0 0 0 0 0 0 0 0 0 0 0 0 0 0 0 0 0 0 0 0 0 0 0 0 0 0 0 0 0 0 0 0 0 0 0 0 0 0 0 0 0 0 0 0 0 0 0 0 0 0 0 0 0 0 0 0 0 0 0 0 0 0 0 0 0 0 0 0 0 0 0 0 0 0 0 0 0 0 0 0 0 0 0 0 0 0 0 0 0 0 0 0 0 0 0 0 0 0 0 0 0 0 0 0 0 0 0 81 18 90 -49 96 74 86 -125 -72 -11 22 49 122 1
0 0 0 0 0 0 0 0 0 0 0 0 0 0 0 0 0 0 0 0 0 0 0 0 0 0 0 0 0 0 0 0 0 0 0 0 0 0 0 0 0 0 0 0 0 0 0 0 0 0 0 0 0 0 0 0 0 0 0 0 0 0 0 0 0 0 0 0 0 0 0 0 0 0 0 0 0 0 0 0 0 0 0 0 0 0 0 0 0 0 0 0 0 0 0 0 0 0 0 0 0 0 0 0 0 0 0 0 0 0 0 0 0 0 0 47 103 106 -38 93 -30 -38 113 -95 -30 120 52 69
0 0 0 0 0 0 0 0 0 0 0 0 0 0 0 0 0 0 0 0 0 0 0 0 0 0 0 0 0 0 0 0 0 0 0 0 0 0 0 0 0 0 0 0 0 0 0 0 0 0 0 0 0 0 0 0 0 0 0 0 0 0 0 0 0 0 0 0 0 0 0 0 0 0 0 0 0 0 0 0 0 0 0 0 0 0 0 0 0 0 0 0 0 0 0 0 0 0 0 0 0 0 0 0 0 0 0 0 0 0 0 0 0 0 0 0 38 3 -89 -90 -99 29 92 82 -17 -24 5 -10
0 0 0 0 0 0 0 0 0 0 0 0 0 0 0 0 0 0 0 0 0 0 0 0 0 0 0 0 0 0 0 0 0 0 0 0 0 0 0 0 0 0 0 0 0 0 0 0 0 0 0 0 0 0 0 0 0 0 0 0 0 0 0 0 0 0 0 0 0 0 0 0 0 0 0 0 0 0 0 0 0 0 0 0 0 0 0 0 0 0 0 0 0 0 0 0 0 0 0 0 0 0 0 0 0 0 0 0 0 0 0 0 0 0 0 0 0 37 52 8 -94 -40 -3 54 119 -90 74 -47
0 0 0 0 0 0 0 0 0 0 0 0 0 0 0 0 0 0 0 0 0 0 0 0 0 0 0 0 0 0 0 0 0 0 0 0 0 0 0 0 0 0 0 0 0 0 0 0 0 0 0 0 0 0 0 0 0 0 0 0 0 0 0 0 0 0 0 0 0 0 0 0 0 0 0 0 0 0 0 0 0 0 0 0 0 0 0 0 0 0 0 0 0 0 0 0 0 0 0 0 0 0 0 0 0 0 0 0 0 0 0 0 0 0 0 0 0 0 55 42 91 -76 16 -87 -61 31 -27 -118
0 0 0 0 0 0 0 0 0 0 0 0 0 0 0 0 0 0 0 0 0 0 0 0 0 0 0 0 0 0 0 0 0 0 0 0 0 0 0 0 0 0 0 0 0 0 0 0 0 0 0 0 0 0 0 0 0 0 0 0 0 0 0 0 0 0 0 0 0 0 0 0 0 0 0 0 0 0 0 0 0 0 0 0 0 0 0 0 0 0 0 0 0 0 0 0 0 0 0 0 0 0 0 0 0 0 0 0 0 0 0 0 0 0 0 0 0 0 0 -69 39 -47 -12 53 -37 37 65 -31
0 0 0 0 0 0 0 0 0 0 0 0 0 0 0 0 0 0 0 0 0 0 0 0 0 0 0 0 0 0 0 0 0 0 0 0 0 0 0 0 0 0 0 0 0 0 0 0 0 0 0 0 0 0 0 0 0 0 0 0 0 0 0 0 0 0 0 0 0 0 0 0 0 0 0 0 0 0 0 0 0 0 0 0 0 0 0 0 0 0 0 0 0 0 0 0 0 0 0 0 0 0 0 0 0 0 0 0 0 0 0 0 0 0 0 0 0 0 0 0 -60 -55 4 0 5 0 116 -49
0 0 0 0 0 0 0 0 0 0 0 0 0 0 0 0 0 0 0 0 0 0 0 0 0 0 0 0 0 0 0 0 0 0 0 0 0 0 0 0 0 0 0 0 0 0 0 0 0 0 0 0 0 0 0 0 0 0 0 0 0 0 0 0 0 0 0 0 0 0 0 0 0 0 0 0 0 0 0 0 0 0 0 0 0 0 0 0 0 0 0 0 0 0 0 0 0 0 0 0 0 0 0 0 0 0 0 0 0 0 0 0 0 0 0 0 0 0 0 0 0 10 74 -59 -52 93 -90 -6
0 0 0 0 0 0 0 0 0 0 0 0 0 0 0 0 0 0 0 0 0 0 0 0 0 0 0 0 0 0 0 0 0 0 0 0 0 0 0 0 0 0 0 0 0 0 0 0 0 0 0 0 0 0 0 0 0 0 0 0 0 0 0 0 0 0 0 0 0 0 0 0 0 0 0 0 0 0 0 0 0 0 0 0 0 0 0 0 0 0 0 0 0 0 0 0 0 0 0 0 0 0 0 0 0 0 0 0 0 0 0 0 0 0 0 0 0 0 0 0 0 0 30 123 -112 -64 -103 82
0 0 0 0 0 0 0 0 0 0 0 0 0 0 0 0 0 0 0 0 0 0 0 0 0 0 0 0 0 0 0 0 0 0 0 0 0 0 0 0 0 0 0 0 0 0 0 0 0 0 0 0 0 0 0 0 0 0 0 0 0 0 0 0 0 0 0 0 0 0 0 0 0 0 0 0 0 0 0 0 0 0 0 0 0 0 0 0 0 0 0 0 0 0 0 0 0 0 0 0 0 0 0 0 0 0 0 0 0 0 0 0 0 0 0 0 0 0 0 0 0 0 0 -55 -31 5 113 -21
0 0 0 0 0 0 0 0 0 0 0 0 0 0 0 0 0 0 0 0 0 0 0 0 0 0 0 0 0 0 0 0 0 0 0 0 0 0 0 0 0 0 0 0 0 0 0 0 0 0 0 0 0 0 0 0 0 0 0 0 0 0 0 0 0 0 0 0 0 0 0 0 0 0 0 0 0 0 0 0 0 0 0 0 0 0 0 0 0 0 0 0 0 0 0 0 0 0 0 0 0 0 0 0 0 0 0 0 0 0 0 0 0 0 0 0 0 0 0 0 0 0 0 0 -34 62 -32 18
0 0 0 0 0 0 0 0 0 0 0 0 0 0 0 0 0 0 0 0 0 0 0 0 0 0 0 0 0 0 0 0 0 0 0 0 0 0 0 0 0 0 0 0 0 0 0 0 0 0 0 0 0 0 0 0 0 0 0 0 0 0 0 0 0 0 0 0 0 0 0 0 0 0 0 0 0 0 0 0 0 0 0 0 0 0 0 0 0 0 0 0 0 0 0 0 0 0 0 0 0 0 0 0 0 0 0 0 0 0 0 0 0 0 0 0 0 0 0 0 0 0 0 0 0 -57 74 118
0 0 0 0 0 0 0 0 0 0 0 0 0 0 0 0 0 0 0 0 0 0 0 0 0 0 0 0 0 0 0 0 0 0 0 0 0 0 0 0 0 0 0 0 0 0 0 0 0 0 0 0 0 0 0 0 0 0 0 0 0 0 0 0 0 0 0 0 0 0 0 0 0 0 0 0 0 0 0 0 0 0 0 0 0 0 0 0 0 0 0 0 0 0 0 0 0 0 0 0 0 0 0 0 0 0 0 0 0 0 0 0 0 0 0 0 0 0 0 0 0 0 0 0 0 0 -112 22
0 0 0 0 0 0 0 0 0 0 0 0 0 0 0 0 0 0 0 0 0 0 0 0 0 0 0 0 0 0 0 0 0 0 0 0 0 0 0 0 0 0 0 0 0 0 0 0 0 0 0 0 0 0 0 0 0 0 0 0 0 0 0 0 0 0 0 0 0 0 0 0 0 0 0 0 0 0 0 0 0 0 0 0 0 0 0 0 0 0 0 0 0 0 0 0 0 0 0 0 0 0 0 0 0 0 0 0 0 0 0 0 0 0 0 0 0 0 0 0 0 0 0 0 0 0 0 4
